-2.649729999999999919e+01
8.935700000000000642e+00
2.445400000000000063e+01
2.973320000000000007e+01
2.371969999999999956e+01
2.371969999999999956e+01
2.612770000000000081e+01
2.621159999999999712e+01
2.621159999999999712e+01
-2.173959999999999937e+01
-2.973959999999999937e+01
1.164349999999999952e+01
1.706830000000000069e+01
-2.382100000000000151e+01
-2.383599999999999852e+01
-2.588640000000000185e+01
-2.621420000000000172e+01
-2.621420000000000172e+01
-2.621420000000000172e+01
-2.633840000000000003e+01
-2.633840000000000003e+01
-6.457999999999999297e-01
-6.457999999999999297e-01
2.648300000000000320e+00
2.058959999999999724e+01
2.471369999999999933e+01
-1.230499999999999927e+00
2.737979999999999947e+01
2.737979999999999947e+01
-2.781620000000000203e+01
-2.807169999999999987e+01
3.437300000000000022e+00
-2.807799999999999940e+01
-2.807799999999999940e+01
-2.893169999999999931e+01
-2.893169999999999931e+01
7.107099999999999973e+00
7.107099999999999973e+00
7.107099999999999973e+00
-2.969200000000000017e+01
-2.969200000000000017e+01
3.654300000000000104e+00
8.720900000000000318e+00
-2.256400000000000183e+00
-2.256400000000000183e+00
1.072229999999999883e+01
9.219400000000000261e+00
-5.319199999999999484e+00
-5.319199999999999484e+00
2.017520000000000024e+01
8.583500000000000796e+00
1.282999999999999918e+00
-2.919500000000000028e+01
-2.966750000000000043e+01
-2.927009999999999934e+01
-2.927009999999999934e+01
-1.573259999999999970e+01
2.912240000000000251e+01
-6.399199999999999555e+00
-6.399199999999999555e+00
-3.966999999999999971e-01
6.135399999999999743e+00
-2.799390000000000001e+01
-2.799390000000000001e+01
7.860000000000000320e-01
-1.981800000000000006e+00
-1.981800000000000006e+00
-2.941190000000000282e+01
-1.245640000000000036e+01
-1.249970000000000070e+01
-1.210779999999999923e+01
2.381800000000000139e+01
2.381800000000000139e+01
2.381800000000000139e+01
9.069600000000001216e+00
-1.439079999999999870e+01
-1.439079999999999870e+01
-1.439079999999999870e+01
-1.440670000000000073e+01
-1.173780000000000001e+01
-3.412500000000000089e+00
-3.412500000000000089e+00
-3.412500000000000089e+00
-3.412500000000000089e+00
-3.412500000000000089e+00
3.296800000000000175e+00
3.296800000000000175e+00
3.296800000000000175e+00
3.296800000000000175e+00
4.015800000000000480e+00
4.015800000000000480e+00
4.015800000000000480e+00
4.015800000000000480e+00
4.015800000000000480e+00
4.015800000000000480e+00
5.938999999999999835e-01
5.938999999999999835e-01
5.938999999999999835e-01
1.352459999999999951e+01
1.352459999999999951e+01
1.352459999999999951e+01
-7.235899999999999999e+00
8.983600000000000918e+00
-1.237410000000000032e+01
-1.237410000000000032e+01
-1.011879999999999846e+01
-1.011879999999999846e+01
4.748999999999999888e-01
4.748999999999999888e-01
4.748999999999999888e-01
4.748999999999999888e-01
4.748999999999999888e-01
4.748999999999999888e-01
4.748999999999999888e-01
4.748999999999999888e-01
4.748999999999999888e-01
4.748999999999999888e-01
4.748999999999999888e-01
4.748999999999999888e-01
-1.060160000000000124e+01
-1.060160000000000124e+01
-2.248499999999999943e+00
1.029059999999999953e+01
2.164740000000000109e+01
-1.191629999999999967e+01
-1.216339999999999932e+01
-1.216339999999999932e+01
-1.251890000000000036e+01
-2.388000000000000123e-01
-2.388000000000000123e-01
-5.688800000000000523e+00
-2.130920000000000059e+01
-2.130920000000000059e+01
-7.539200000000000124e+00
-7.539200000000000124e+00
-7.539200000000000124e+00
-2.466100000000000136e+01
-2.172459999999999880e+01
4.748999999999999888e-01
4.748999999999999888e-01
4.748999999999999888e-01
-2.295709999999999695e+01
4.748999999999999888e-01
-1.330999999999999961e-01
1.944870000000000232e+01
-2.516890000000000072e+01
-2.454690000000000083e+01
-3.320899999999999963e+00
-2.878090000000000259e+01
1.353739999999999988e+01
-2.259420000000000073e+01
-1.368050000000000033e+01
1.373850000000000016e+01
-2.772429999999999950e+01
-2.772429999999999950e+01
-2.774569999999999936e+01
-1.915840000000000032e+01
-1.125579999999999892e+01
-1.125579999999999892e+01
-1.944440000000000168e+01
-1.944440000000000168e+01
-1.048339999999999961e+01
-5.715499999999999581e+00
-2.812759999999999749e+01
-8.849000000000000199e-01
4.159699999999999953e+00
4.159699999999999953e+00
2.720170000000000243e+01
2.720170000000000243e+01
-2.423990000000000222e+01
-2.423990000000000222e+01
-2.386529999999999774e+01
-1.463109999999999999e+01
-2.170870000000000033e+01
2.869950000000000045e+01
2.869950000000000045e+01
-3.656300000000000328e+00
-3.656300000000000328e+00
-1.905990000000000251e+01
-1.263949999999999996e+01
-2.459149999999999991e+01
-2.459149999999999991e+01
-2.450499999999999901e+00
-5.783800000000000274e+00
-5.783800000000000274e+00
-1.569679999999999964e+01
-1.569679999999999964e+01
-4.724000000000000199e+00
2.803420000000000201e+01
2.359809999999999874e+01
2.359809999999999874e+01
-5.392600000000000726e+00
-5.392600000000000726e+00
-3.063999999999999502e-01
2.795329999999999870e+01
2.712609999999999744e+01
2.712609999999999744e+01
2.712609999999999744e+01
-5.329200000000000159e+00
5.210300000000000153e+00
5.210300000000000153e+00
5.210300000000000153e+00
4.057500000000000107e+00
-2.515569999999999951e+01
2.556970000000000098e+01
2.556970000000000098e+01
2.556970000000000098e+01
-2.447029999999999816e+01
-2.148450000000000060e+01
2.252870000000000061e+01
2.251350000000000051e+01
2.349809999999999732e+01
2.348150000000000048e+01
-2.177139999999999986e+01
2.008190000000000097e+01
-1.807779999999999987e+01
-1.807779999999999987e+01
-1.808959999999999724e+01
-2.361169999999999902e+01
2.096859999999999857e+01
2.095409999999999684e+01
-1.335040000000000049e+01
1.983440000000000225e+01
1.983440000000000225e+01
2.731370000000000076e+01
-1.266739999999999888e+01
1.980909999999999727e+01
-2.551450000000000173e+01
1.762459999999999738e+01
1.762459999999999738e+01
-2.372800000000000153e+01
-2.372800000000000153e+01
2.791390000000000171e+01
2.791390000000000171e+01
-1.370500000000000007e+01
-7.054600000000000648e+00
2.659640000000000271e+01
2.659640000000000271e+01
2.659640000000000271e+01
2.656940000000000168e+01
2.656940000000000168e+01
1.621369999999999933e+01
1.347400000000000020e+01
1.347400000000000020e+01
9.707399999999999807e+00
9.707399999999999807e+00
2.913380000000000081e+01
2.913380000000000081e+01
2.913380000000000081e+01
-2.395870000000000033e+01
2.078180000000000049e+01
2.078180000000000049e+01
2.078180000000000049e+01
2.807770000000000010e+01
2.807770000000000010e+01
2.807770000000000010e+01
2.807770000000000010e+01
2.807770000000000010e+01
2.807770000000000010e+01
2.807770000000000010e+01
1.145100000000000051e+01
1.145100000000000051e+01
1.145100000000000051e+01
1.145100000000000051e+01
1.145100000000000051e+01
1.145100000000000051e+01
1.145100000000000051e+01
1.145100000000000051e+01
1.145100000000000051e+01
-1.927280000000000015e+01
1.119909999999999961e+01
1.119909999999999961e+01
-4.323000000000000398e+00
2.148370000000000246e+01
-9.394399999999999196e+00
-9.394399999999999196e+00
-9.400299999999999656e+00
2.144340000000000046e+01
-4.059099999999999930e+00
-4.059099999999999930e+00
1.132810000000000095e+01
1.132810000000000095e+01
1.098770000000000024e+01
1.098770000000000024e+01
-6.888700000000000045e+00
1.058440000000000047e+01
1.602890000000000015e+01
1.163539999999999885e+01
2.915690000000000026e+01
2.915690000000000026e+01
2.915690000000000026e+01
1.014770000000000039e+01
5.706600000000000783e+00
2.884229999999999805e+01
2.884229999999999805e+01
2.884229999999999805e+01
2.089070000000000249e+01
-6.322899999999999743e+00
-1.856599999999999806e+00
2.889529999999999887e+01
2.889529999999999887e+01
1.213279999999999959e+01
1.213279999999999959e+01
2.878740000000000165e+01
1.712420000000000186e+01
1.712420000000000186e+01
1.860959999999999681e+01
2.266999999999999904e+00
2.880840000000000245e+01
2.880840000000000245e+01
1.806380000000000052e+01
1.651719999999999899e+01
1.651719999999999899e+01
1.102459999999999951e+01
1.769050000000000011e+01
2.007580000000000098e+01
-1.957329999999999970e+01
9.776500000000000412e+00
1.460920000000000130e+01
1.460920000000000130e+01
1.460920000000000130e+01
2.233719999999999928e+01
2.233719999999999928e+01
2.233719999999999928e+01
2.993659999999999854e+01
2.993659999999999854e+01
2.993659999999999854e+01
2.993659999999999854e+01
1.606299999999999883e+01
1.606299999999999883e+01
1.606299999999999883e+01
1.606299999999999883e+01
1.606299999999999883e+01
1.606299999999999883e+01
-1.100020000000000131e+01
-4.517999999999999794e+00
-1.607799999999999896e+00
2.870749999999999957e+01
2.425309999999999988e+01
-1.453179999999999872e+01
9.400000000000000355e+00
9.400000000000000355e+00
9.400000000000000355e+00
9.381399999999999295e+00
1.377120000000000033e+01
1.377120000000000033e+01
2.837349999999999994e+01
2.516229999999999833e+01
2.516229999999999833e+01
2.516229999999999833e+01
1.565479999999999983e+01
1.565479999999999983e+01
1.843730000000000047e+01
1.843730000000000047e+01
1.843730000000000047e+01
1.843730000000000047e+01
2.079260000000000019e+01
-1.535939999999999905e+01
1.210079999999999956e+01
1.210079999999999956e+01
1.210079999999999956e+01
-1.595730000000000004e+01
1.125260000000000105e+01
3.016469999999999985e+01
2.241600000000000037e+01
-4.112100000000000755e+00
-4.148299999999999876e+00
1.014599999999999946e+00
1.014599999999999946e+00
1.014599999999999946e+00
6.094899999999999984e+00
2.955969999999999942e+01
9.995499999999999829e+00
2.945769999999999911e+01
2.945769999999999911e+01
2.945769999999999911e+01
-1.277810000000000024e+01
-2.069459999999999766e+01
1.144950000000000045e+01
3.008000000000000007e+00
2.889290000000000092e+01
2.889290000000000092e+01
2.889290000000000092e+01
2.889290000000000092e+01
2.889290000000000092e+01
1.691310000000000002e+01
2.121390000000000242e+01
2.121390000000000242e+01
2.121390000000000242e+01
5.796199999999999797e+00
6.730399999999999494e+00
6.730399999999999494e+00
6.730399999999999494e+00
6.730399999999999494e+00
6.730399999999999494e+00
2.751849999999999952e+01
1.613560000000000016e+01
1.613560000000000016e+01
2.465419999999999945e+01
-2.402679999999999794e+01
-1.107760000000000034e+01
-1.107760000000000034e+01
-1.001600000000000001e+01
-1.001600000000000001e+01
-1.001600000000000001e+01
-1.001600000000000001e+01
2.829479999999999862e+01
-1.067570000000000086e+01
-1.316310000000000002e+01
-1.316310000000000002e+01
3.572099999999999831e+00
3.581500000000000128e+00
3.581500000000000128e+00
-5.055500000000000327e+00
2.501370000000000005e+01
2.851900000000000102e+00
3.885800000000000143e+00
2.368449999999999989e+01
2.119009999999999749e+01
2.119009999999999749e+01
-1.657319999999999993e+01
-1.657319999999999993e+01
4.222800000000000331e+00
4.222800000000000331e+00
4.222800000000000331e+00
3.819800000000000306e+00
3.819800000000000306e+00
3.819800000000000306e+00
3.819800000000000306e+00
2.480959999999999965e+01
2.447199999999999598e+00
2.447199999999999598e+00
1.445929999999999893e+01
1.445929999999999893e+01
1.445929999999999893e+01
2.877619999999999933e+01
-1.898459999999999681e+01
-1.898459999999999681e+01
-1.898459999999999681e+01
2.181799999999999962e+00
1.205310000000000059e+01
1.205310000000000059e+01
-9.403299999999999770e+00
-9.403299999999999770e+00
-9.403299999999999770e+00
-9.443100000000001160e+00
1.057990000000000030e+01
4.473399999999999821e+00
4.473399999999999821e+00
1.980499999999999927e+00
1.612839999999999918e+01
1.612839999999999918e+01
2.986859999999999715e+01
2.986859999999999715e+01
2.986859999999999715e+01
-1.470209999999999972e+01
-1.470209999999999972e+01
-1.470209999999999972e+01
-1.474510000000000076e+01
-1.474510000000000076e+01
2.847779999999999845e+01
2.847779999999999845e+01
2.847779999999999845e+01
-1.204649999999999999e+01
-1.204649999999999999e+01
-1.204649999999999999e+01
-1.204649999999999999e+01
-1.204649999999999999e+01
2.935400000000000009e+00
2.812709999999999866e+01
2.392999999999999794e+00
2.988909999999999911e+01
2.598930000000000007e+01
2.598930000000000007e+01
2.770020000000000238e+01
2.950159999999999982e+01
2.214199999999999946e+01
2.270100000000000051e+01
2.270100000000000051e+01
2.270100000000000051e+01
2.270100000000000051e+01
2.270100000000000051e+01
2.651270000000000238e+01
2.651270000000000238e+01
2.651270000000000238e+01
2.651270000000000238e+01
2.651270000000000238e+01
2.651270000000000238e+01
2.925259999999999749e+01
2.944050000000000011e+01
2.944050000000000011e+01
1.963659999999999783e+01
1.963659999999999783e+01
1.963659999999999783e+01
1.963659999999999783e+01
9.769999999999999574e+00
9.769999999999999574e+00
-1.689369999999999905e+01
-1.689369999999999905e+01
-1.689369999999999905e+01
6.942999999999999616e+00
6.942999999999999616e+00
6.942999999999999616e+00
6.942999999999999616e+00
1.936599999999999966e+01
1.936599999999999966e+01
5.456800000000000317e+00
5.456800000000000317e+00
8.443899999999999295e+00
8.443899999999999295e+00
8.443899999999999295e+00
-2.057179999999999964e+01
2.380150000000000077e+01
-2.742809999999999704e+01
-3.292400000000000215e+00
-4.620100000000000762e+00
-4.620100000000000762e+00
-1.996299999999999963e+00
-1.996299999999999963e+00
4.462200000000000166e+00
4.462200000000000166e+00
4.462200000000000166e+00
1.440489999999999959e+01
1.440489999999999959e+01
-2.535699999999999843e+00
-2.535699999999999843e+00
-8.186099999999999710e+00
-8.186099999999999710e+00
-9.802299999999998903e+00
-9.802299999999998903e+00
-5.840499999999999581e+00
-5.840499999999999581e+00
-5.840499999999999581e+00
-1.684200000000000141e+00
-1.684200000000000141e+00
-2.778099999999999792e+00
7.385000000000000453e-01
7.385000000000000453e-01
4.794800000000000395e+00
2.125329999999999941e+01
-4.220600000000000129e+00
-4.220600000000000129e+00
-4.220600000000000129e+00
-4.810899999999999288e+00
-4.810899999999999288e+00
-3.020399999999999974e+00
1.316360000000000063e+01
1.316360000000000063e+01
1.313339999999999996e+01
-1.068339999999999890e+01
-1.068339999999999890e+01
2.485400000000000276e+00
-1.115970000000000084e+01
2.539630000000000010e+01
2.894640000000000057e+01
2.894640000000000057e+01
-8.049300000000000566e+00
-8.049300000000000566e+00
-8.049300000000000566e+00
-8.049300000000000566e+00
-8.049300000000000566e+00
-1.978400000000000158e+00
-1.978400000000000158e+00
-1.978400000000000158e+00
-1.978400000000000158e+00
-1.978400000000000158e+00
4.770000000000000628e-02
4.770000000000000628e-02
1.098150000000000048e+01
2.986040000000000205e+01
2.480809999999999960e+01
2.075600000000000112e+00
-3.534800000000000164e+00
-3.534800000000000164e+00
-3.534800000000000164e+00
-3.534800000000000164e+00
-3.534800000000000164e+00
-3.534800000000000164e+00
1.914789999999999992e+01
1.914789999999999992e+01
1.914789999999999992e+01
2.360579999999999856e+01
-2.852880000000000038e+01
-1.326200000000000045e+00
-1.326200000000000045e+00
-4.885899999999999466e+00
2.793829999999999814e+01
2.793829999999999814e+01
2.793829999999999814e+01
2.277179999999999893e+01
-1.112439999999999962e+01
4.731000000000000205e-01
4.731000000000000205e-01
4.731000000000000205e-01
2.287020000000000053e+01
2.287020000000000053e+01
2.287020000000000053e+01
2.287020000000000053e+01
2.292299999999999827e+01
2.292299999999999827e+01
2.292299999999999827e+01
-1.891590000000000060e+01
2.904170000000000229e+01
2.904170000000000229e+01
-2.130879999999999797e+01
2.260240000000000293e+01
2.260240000000000293e+01
2.508640000000000114e+01
2.666409999999999769e+01
2.137270000000000181e+01
-2.188050000000000139e+01
2.376839999999999975e+01
2.529870000000000019e+01
2.529870000000000019e+01
8.660500000000000753e+00
2.099470000000000169e+01
2.099470000000000169e+01
2.099470000000000169e+01
2.099470000000000169e+01
2.194660000000000011e+01
1.688540000000000063e+01
1.862099999999999866e+01
7.725100000000000300e+00
1.929279999999999973e+01
1.826109999999999900e+01
1.823409999999999798e+01
1.823409999999999798e+01
1.833449999999999847e+01
1.833449999999999847e+01
-1.265639999999999965e+01
1.757679999999999865e+01
1.755140000000000100e+01
2.647800000000000153e+01
-1.600179999999999936e+01
-1.600179999999999936e+01
-1.600179999999999936e+01
-1.600179999999999936e+01
-1.600179999999999936e+01
-1.600179999999999936e+01
-1.113279999999999959e+01
-1.113279999999999959e+01
4.634900000000000020e+00
2.036550000000000082e+01
1.041479999999999961e+01
-2.372920000000000229e+01
-1.435329999999999906e+01
-1.435329999999999906e+01
-1.435329999999999906e+01
-1.123739999999999917e+01
-1.123739999999999917e+01
-1.123739999999999917e+01
-1.123739999999999917e+01
-1.787459999999999738e+01
-1.787459999999999738e+01
-1.787459999999999738e+01
-1.787459999999999738e+01
-1.787459999999999738e+01
-1.818400000000000105e+01
-1.818400000000000105e+01
-1.818400000000000105e+01
-1.754740000000000322e+01
-1.754740000000000322e+01
-1.875720000000000098e+01
-1.875720000000000098e+01
-1.875720000000000098e+01
2.227259999999999707e+01
-1.787879999999999825e+01
-2.107700000000000173e+01
-2.107700000000000173e+01
-1.635399999999999920e+01
2.538759999999999906e+01
2.538759999999999906e+01
-2.798709999999999809e+01
9.683799999999999741e+00
1.509420000000000073e+01
1.509420000000000073e+01
1.509420000000000073e+01
-1.936859999999999715e+01
-1.936859999999999715e+01
-1.936859999999999715e+01
-1.936859999999999715e+01
-1.936859999999999715e+01
-1.936859999999999715e+01
-1.739570000000000149e+01
2.343500000000000139e+00
1.078139999999999965e+01
1.078139999999999965e+01
2.314780000000000015e+01
-2.830720000000000169e+01
-2.160450000000000159e+01
-1.561580000000000013e+01
-1.709179999999999922e+01
-2.685120000000000218e+01
-1.819229999999999947e+01
1.038679999999999914e+01
1.038679999999999914e+01
1.038679999999999914e+01
-2.168009999999999948e+01
-2.168009999999999948e+01
-2.168009999999999948e+01
-2.168009999999999948e+01
-2.168009999999999948e+01
-2.168009999999999948e+01
9.926700000000000301e+00
9.926700000000000301e+00
1.954250000000000043e+01
-1.276329999999999920e+01
-2.802520000000000167e+01
-2.802520000000000167e+01
2.017680000000000007e+01
9.881899999999999906e+00
-1.709270000000000067e+01
-1.063929999999999865e+01
-1.063929999999999865e+01
-1.063929999999999865e+01
-1.063929999999999865e+01
-2.966280000000000072e+01
9.900299999999999656e+00
9.900299999999999656e+00
-1.640359999999999729e+01
-1.640359999999999729e+01
2.781670000000000087e+01
2.781670000000000087e+01
9.364700000000000912e+00
2.619660000000000011e+01
2.619660000000000011e+01
-2.691499999999999915e+01
-2.526200000000000045e+01
-2.389099999999999824e+01
-2.389099999999999824e+01
-2.389099999999999824e+01
-1.631070000000000064e+01
-1.631070000000000064e+01
-1.631070000000000064e+01
-1.631070000000000064e+01
-1.527020000000000088e+01
-4.314799999999999969e+00
-4.314799999999999969e+00
2.887000000000000011e+00
2.887000000000000011e+00
2.887000000000000011e+00
2.887000000000000011e+00
2.887000000000000011e+00
2.642170000000000130e+01
2.642170000000000130e+01
2.642170000000000130e+01
2.044150000000000134e+01
2.044150000000000134e+01
-2.712640000000000029e+01
-4.830799999999999983e+00
-1.931790000000000163e+01
-1.931790000000000163e+01
-1.931790000000000163e+01
-1.931790000000000163e+01
-1.931790000000000163e+01
-6.871999999999999886e+00
-6.871999999999999886e+00
-6.871999999999999886e+00
-6.871999999999999886e+00
-6.871999999999999886e+00
-6.871999999999999886e+00
-6.871999999999999886e+00
-6.871999999999999886e+00
-6.210399999999999920e+00
-6.210399999999999920e+00
-6.210399999999999920e+00
-6.210399999999999920e+00
-6.210399999999999920e+00
6.863100000000000200e+00
6.863100000000000200e+00
2.925290000000000035e+01
2.925290000000000035e+01
3.806000000000000494e-01
2.204919999999999902e+01
2.204919999999999902e+01
2.590719999999999956e+01
2.663929999999999865e+01
2.089219999999999899e+01
2.089219999999999899e+01
2.733170000000000144e+01
1.421209999999999951e+01
1.419500000000000028e+01
1.986679999999999779e+01
1.986679999999999779e+01
1.986679999999999779e+01
3.014930000000000021e+01
-9.374000000000000554e+00
-9.374000000000000554e+00
-9.374000000000000554e+00
-9.374000000000000554e+00
-2.089770000000000039e+01
-2.089770000000000039e+01
-2.089770000000000039e+01
-2.159659999999999869e+01
-2.937570000000000192e+01
8.865700000000000358e+00
8.865700000000000358e+00
8.865700000000000358e+00
-1.157690000000000019e+01
1.214299999999999935e+00
1.214299999999999935e+00
1.214299999999999935e+00
1.214299999999999935e+00
1.214299999999999935e+00
1.214299999999999935e+00
-2.247940000000000182e+01
-2.747700000000000031e+00
6.190999999999999837e-01
6.190999999999999837e-01
6.190999999999999837e-01
6.190999999999999837e-01
6.190999999999999837e-01
6.190999999999999837e-01
6.190999999999999837e-01
1.222000000000000031e-01
1.222000000000000031e-01
1.222000000000000031e-01
-2.019090000000000273e+01
-2.056569999999999965e+01
-1.498199999999999976e+00
-1.493200000000000083e+00
2.276499999999999968e+00
2.276499999999999968e+00
-2.560920000000000130e+01
-2.560920000000000130e+01
-2.560920000000000130e+01
-2.403940000000000055e+01
1.513670000000000115e+01
-1.657190000000000296e+01
-1.657190000000000296e+01
-2.868019999999999925e+01
-2.868019999999999925e+01
2.599699999999999900e+00
2.599699999999999900e+00
2.582100000000000062e+00
2.582100000000000062e+00
8.154700000000000060e+00
9.574399999999998911e+00
9.574399999999998911e+00
9.574399999999998911e+00
9.574399999999998911e+00
-6.845200000000000173e+00
1.051029999999999909e+01
1.051029999999999909e+01
1.739829999999999899e+01
1.739829999999999899e+01
1.739829999999999899e+01
1.739829999999999899e+01
1.735950000000000060e+01
1.735950000000000060e+01
2.038050000000000139e+01
2.038050000000000139e+01
2.038050000000000139e+01
-3.027169999999999916e+01
-2.973160000000000025e+01
-2.973160000000000025e+01
-2.973160000000000025e+01
-2.973160000000000025e+01
-2.871470000000000056e+01
-2.871470000000000056e+01
-2.871470000000000056e+01
-2.871470000000000056e+01
4.816499999999999559e+00
1.982959999999999923e+01
1.982959999999999923e+01
2.333419999999999916e+01
2.333419999999999916e+01
6.176800000000000068e+00
4.748999999999999888e-01
4.748999999999999888e-01
4.748999999999999888e-01
4.748999999999999888e-01
-2.997929999999999851e+01
-2.997929999999999851e+01
-2.997929999999999851e+01
1.036899999999999977e+01
1.027420000000000044e+01
1.027420000000000044e+01
-3.440399999999999903e+00
3.028900000000000148e+00
9.956500000000000128e+00
1.596289999999999942e+01
-6.963499999999999801e+00
-2.989949999999999974e+01
-2.989949999999999974e+01
-6.563299999999999912e+00
3.238699999999999690e+00
3.238699999999999690e+00
-2.967650000000000077e+01
-2.967650000000000077e+01
8.285099999999999909e+00
2.403470000000000084e+01
2.755069999999999908e+01
2.755069999999999908e+01
2.755069999999999908e+01
-1.556000000000000050e+00
6.170999999999999819e-01
-1.925029999999999930e+01
-1.925029999999999930e+01
-1.925029999999999930e+01
-2.710000000000000142e+01
-2.710000000000000142e+01
4.126000000000000334e+00
-1.831559999999999988e+01
-1.831559999999999988e+01
-3.030180000000000007e+01
3.657399999999999984e+00
-1.571829999999999927e+01
-1.571829999999999927e+01
-1.571829999999999927e+01
-1.571829999999999927e+01
2.573199999999999932e+01
-2.600040000000000262e+01
-2.600040000000000262e+01
2.305959999999999965e+01
9.130900000000000460e+00
-2.744350000000000023e+01
-1.814819999999999922e+01
-1.814819999999999922e+01
-1.814819999999999922e+01
-8.878000000000000114e+00
-8.878000000000000114e+00
-5.885600000000000165e+00
-5.885600000000000165e+00
-2.010249999999999915e+01
-2.010249999999999915e+01
-1.556000000000000050e+01
-5.362000000000000099e+00
-2.050029999999999930e+01
-2.050029999999999930e+01
-2.050029999999999930e+01
3.829000000000000181e+00
3.538599999999999746e+00
1.014390000000000036e+01
2.734599999999999920e+00
8.214900000000000091e+00
8.167699999999999960e+00
-1.002950000000000053e+01
-1.002950000000000053e+01
-1.002950000000000053e+01
9.834200000000000941e+00
-3.413300000000000001e+00
-4.525699999999999612e+00
-4.525699999999999612e+00
-4.525699999999999612e+00
-2.921669999999999945e+01
-1.228470000000000084e+01
-1.228470000000000084e+01
1.019749999999999979e+01
1.019749999999999979e+01
1.019749999999999979e+01
1.019749999999999979e+01
1.019749999999999979e+01
7.162700000000000067e+00
-2.925259999999999749e+01
1.881999999999999784e-01
-1.348999999999999921e-01
-1.348999999999999921e-01
-1.348999999999999921e-01
-1.139540000000000042e+01
-1.139540000000000042e+01
1.224249999999999972e+01
-7.009500000000000064e+00
-7.009500000000000064e+00
-2.133899999999999864e+01
-1.095129999999999981e+01
1.277579999999999849e+01
1.277579999999999849e+01
1.277579999999999849e+01
1.277579999999999849e+01
1.286999999999999922e+01
-2.954200000000000159e+01
-2.667299999999999827e+01
-2.601559999999999917e+01
1.365300000000000047e+01
-2.919920000000000115e+01
-2.876679999999999993e+01
-2.876679999999999993e+01
-2.724499999999999922e+00
-2.885820000000000007e+01
-2.885820000000000007e+01
-2.052769999999999939e+01
-6.175399999999999778e+00
-6.175399999999999778e+00
8.616200000000000969e+00
-1.098510000000000097e+01
-1.664840000000000231e+01
-1.668840000000000146e+01
-1.668840000000000146e+01
-2.874749999999999872e+01
-2.874749999999999872e+01
-1.350290000000000035e+01
5.754899999999999238e+00
-2.343280000000000030e+01
5.564499999999999780e+00
-2.722459999999999880e+01
5.388300000000000090e+00
-2.957420000000000115e+01
5.585300000000000153e+00
1.094520000000000159e+01
1.094520000000000159e+01
1.094520000000000159e+01
-8.960799999999998988e+00
1.092200000000000060e+01
1.036599999999999966e+00
1.036599999999999966e+00
1.036599999999999966e+00
2.245379999999999754e+01
2.245379999999999754e+01
-6.480999999999999872e+00
-6.480999999999999872e+00
-6.480999999999999872e+00
-2.499670000000000059e+01
1.084159999999999968e+01
1.084159999999999968e+01
1.569190000000000040e+01
2.275300000000000011e+01
2.275300000000000011e+01
2.275300000000000011e+01
2.275300000000000011e+01
-2.953960000000000008e+01
-2.953960000000000008e+01
-2.953960000000000008e+01
2.463129999999999953e+01
2.463129999999999953e+01
2.042869999999999919e+01
2.042869999999999919e+01
1.267360000000000042e+01
1.902929999999999922e+01
1.062739999999999974e+01
8.351299999999998391e+00
1.165460000000000029e+01
-2.468800000000000328e+00
-2.468800000000000328e+00
-2.468800000000000328e+00
4.257800000000000473e+00
4.257800000000000473e+00
1.042999999999999927e+00
8.670999999999999819e-01
8.670999999999999819e-01
1.100839999999999996e+01
1.888400000000000079e+00
1.888400000000000079e+00
-2.307019999999999982e+01
-2.307019999999999982e+01
-2.136009999999999920e+01
-2.839140000000000086e+01
1.477599999999999802e+00
-1.432270000000000110e+01
-1.432270000000000110e+01
2.179799999999999827e+01
1.132500000000000062e+00
1.277599999999999847e+00
1.277599999999999847e+00
-2.067719999999999914e+01
-2.067719999999999914e+01
-2.067719999999999914e+01
1.913729999999999976e+01
-2.474770000000000181e+01
9.734600000000000364e+00
9.734600000000000364e+00
1.990179999999999794e+01
2.696009999999999707e+01
-2.742309999999999803e+01
-2.422530000000000072e+01
1.021269999999999989e+01
1.021269999999999989e+01
1.021269999999999989e+01
1.021269999999999989e+01
1.021269999999999989e+01
1.021269999999999989e+01
1.021269999999999989e+01
1.021269999999999989e+01
1.981840000000000046e+01
1.484120000000000061e+01
-2.661079999999999757e+01
-2.661079999999999757e+01
-5.517699999999999605e+00
-2.269800000000000040e+00
2.584100000000000108e+01
2.584100000000000108e+01
2.584100000000000108e+01
2.584100000000000108e+01
-3.548800000000000399e+00
2.774399999999999977e+01
2.774399999999999977e+01
2.774399999999999977e+01
-1.194549999999999912e+01
2.899559999999999960e+01
2.899559999999999960e+01
2.461940000000000239e+01
2.436139999999999972e+01
2.436139999999999972e+01
2.453059999999999974e+01
2.380320000000000036e+01
2.380320000000000036e+01
2.380320000000000036e+01
2.468959999999999866e+01
2.468959999999999866e+01
2.468959999999999866e+01
2.468959999999999866e+01
2.468959999999999866e+01
2.468959999999999866e+01
-1.868800000000000017e+00
2.805150000000000077e+01
5.664800000000000502e+00
5.664800000000000502e+00
5.664800000000000502e+00
5.664800000000000502e+00
1.863099999999999978e+00
-4.584299999999999820e+00
-4.584299999999999820e+00
-5.342299999999999827e+00
1.656129999999999924e+01
1.656129999999999924e+01
7.576200000000000045e+00
7.576200000000000045e+00
2.231100000000000083e+00
1.642150000000000176e+01
2.880800000000000249e+00
2.880800000000000249e+00
2.880800000000000249e+00
2.880800000000000249e+00
-2.064780000000000015e+01
-2.064780000000000015e+01
-2.064780000000000015e+01
-2.064780000000000015e+01
-9.724800000000000111e+00
2.654350000000000165e+01
1.908759999999999835e+01
7.842200000000000060e+00
7.842200000000000060e+00
2.117599999999999927e+00
-8.142699999999999605e+00
-8.142699999999999605e+00
-8.142699999999999605e+00
-8.142699999999999605e+00
-8.142699999999999605e+00
-8.142699999999999605e+00
6.739700000000000024e+00
2.767629999999999768e+01
2.767629999999999768e+01
-6.090600000000000236e+00
2.549290000000000234e+01
2.549290000000000234e+01
2.532499999999999929e+01
-1.806159999999999854e+01
-1.215670000000000073e+01
2.544750000000000156e+01
-1.850700000000000145e+01
2.950169999999999959e+01
1.404400000000000093e+00
1.404400000000000093e+00
1.404400000000000093e+00
3.292699999999999960e+00
2.953969999999999985e+01
-2.331119999999999948e+01
-1.069570000000000043e+01
2.907420000000000115e+01
-8.595299999999999940e+00
-2.330690000000000239e+01
-1.987669999999999959e+01
-1.987669999999999959e+01
-1.991349999999999909e+01
-1.865599999999999925e+00
-1.865599999999999925e+00
2.380170000000000030e+01
2.822850000000000037e+01
2.822850000000000037e+01
-1.061400000000000077e+01
1.219770000000000110e+01
1.104940000000000033e+01
1.104940000000000033e+01
1.104940000000000033e+01
-1.379190000000000005e+01
1.758599999999999941e+00
1.758599999999999941e+00
2.878669999999999973e+01
2.878669999999999973e+01
2.573699999999999655e+00
2.573699999999999655e+00
2.540900000000000158e+00
-1.231020000000000003e+01
-8.096899999999999764e+00
-8.096899999999999764e+00
1.853870000000000218e+01
-2.561220000000000141e+01
2.609300000000000175e+00
2.609300000000000175e+00
2.609300000000000175e+00
2.609300000000000175e+00
2.609300000000000175e+00
2.609300000000000175e+00
1.847799999999999887e+00
1.847799999999999887e+00
1.847799999999999887e+00
1.847799999999999887e+00
-2.432070000000000221e+01
1.002199999999999980e+00
2.567859999999999943e+01
-2.111790000000000234e+01
-2.111790000000000234e+01
-3.691000000000000392e-01
2.544000000000000128e+01
2.825420000000000087e+01
2.825420000000000087e+01
2.825420000000000087e+01
-2.134499999999999886e+01
-2.134499999999999886e+01
-2.134499999999999886e+01
-2.134499999999999886e+01
-1.581049999999999933e+01
1.699390000000000001e+01
2.512249999999999872e+01
2.512249999999999872e+01
2.512809999999999988e+01
2.901060000000000016e+01
2.901060000000000016e+01
2.912069999999999936e+01
2.912069999999999936e+01
2.912069999999999936e+01
2.897899999999999920e+01
2.897899999999999920e+01
-1.447610000000000063e+01
-1.447610000000000063e+01
-1.447610000000000063e+01
1.650270000000000081e+01
1.650270000000000081e+01
2.862399999999999878e+01
2.886070000000000135e+01
2.886070000000000135e+01
-4.131300000000000416e+00
-4.131300000000000416e+00
-4.131300000000000416e+00
-4.131300000000000416e+00
-4.131300000000000416e+00
-4.131300000000000416e+00
2.788009999999999877e+01
2.788009999999999877e+01
2.595919999999999916e+01
2.900179999999999936e+01
2.900179999999999936e+01
1.658419999999999916e+01
1.658419999999999916e+01
1.658419999999999916e+01
1.033440000000000047e+01
1.033440000000000047e+01
1.728409999999999869e+01
-8.497999999999999332e+00
-8.497999999999999332e+00
2.932640000000000313e+01
2.932640000000000313e+01
2.729070000000000107e+01
2.882600000000000051e+01
2.882600000000000051e+01
-4.980500000000000149e+00
-4.980500000000000149e+00
-4.980500000000000149e+00
-1.495340000000000025e+01
-1.495340000000000025e+01
-1.495340000000000025e+01
4.557800000000000296e+00
2.505379999999999896e+01
2.505379999999999896e+01
2.505379999999999896e+01
1.255410000000000004e+01
4.062599999999999767e+00
4.062599999999999767e+00
4.062599999999999767e+00
4.062599999999999767e+00
3.840400000000000258e+00
3.840400000000000258e+00
2.860099999999999909e+01
2.860099999999999909e+01
2.860099999999999909e+01
-1.935369999999999990e+01
-6.384600000000000719e+00
-6.384600000000000719e+00
-6.384600000000000719e+00
-6.384600000000000719e+00
2.929970000000000141e+01
2.929970000000000141e+01
2.962340000000000018e+01
2.962340000000000018e+01
2.962340000000000018e+01
2.959990000000000165e+01
2.959990000000000165e+01
-7.087100000000000399e+00
2.089500000000000135e+00
-7.086800000000000210e+00
-7.086800000000000210e+00
-7.086800000000000210e+00
-7.086800000000000210e+00
1.793720000000000070e+01
2.843140000000000001e+01
2.843140000000000001e+01
-1.105429999999999957e+01
2.280529999999999902e+01
2.499230000000000018e+01
2.499230000000000018e+01
1.717859999999999943e+01
1.717859999999999943e+01
2.921630000000000038e+01
2.921630000000000038e+01
2.484629999999999939e+01
2.484629999999999939e+01
2.849779999999999802e+01
1.831470000000000198e+01
-2.176670000000000016e+01
2.829759999999999920e+01
2.829759999999999920e+01
2.829759999999999920e+01
2.829759999999999920e+01
2.829759999999999920e+01
2.975559999999999761e+01
2.975559999999999761e+01
2.451390000000000313e+01
2.857100000000000151e+01
2.857100000000000151e+01
-9.370000000000000551e-02
6.473300000000000054e+00
2.968890000000000029e+01
2.812930000000000064e+01
2.812930000000000064e+01
2.812930000000000064e+01
2.978590000000000160e+01
1.875390000000000157e+01
1.875390000000000157e+01
2.718079999999999785e+01
2.243809999999999860e+01
1.901999999999999957e+01
-1.139100000000000001e+01
-1.139100000000000001e+01
-1.139100000000000001e+01
-1.139100000000000001e+01
1.914329999999999998e+01
-2.565719999999999956e+01
1.000179999999999936e+01
1.000179999999999936e+01
-1.814480000000000004e+01
-2.801199999999999690e+00
9.168799999999999173e+00
9.168799999999999173e+00
1.581920000000000037e+01
1.944510000000000005e+01
2.435729999999999862e+01
2.435729999999999862e+01
2.912519999999999953e+01
2.909870000000000090e+01
1.954090000000000060e+01
1.954090000000000060e+01
1.954090000000000060e+01
1.697209999999999752e+01
2.448390000000000200e+01
2.448390000000000200e+01
2.448390000000000200e+01
2.448390000000000200e+01
-9.965500000000000469e+00
-9.965500000000000469e+00
-9.965500000000000469e+00
-9.965500000000000469e+00
2.937690000000000268e+01
1.918779999999999930e+01
1.918779999999999930e+01
-8.651099999999999568e+00
-8.651099999999999568e+00
-8.651099999999999568e+00
-8.651099999999999568e+00
-8.651099999999999568e+00
8.979299999999998505e+00
2.330270000000000152e+01
8.483399999999999608e+00
2.313410000000000011e+01
2.313410000000000011e+01
2.821549999999999869e+01
2.878759999999999764e+01
2.878759999999999764e+01
2.878759999999999764e+01
-2.254899999999999949e+01
1.538229999999999897e+01
1.538229999999999897e+01
2.352599999999999980e+01
-1.529860000000000042e+01
2.226809999999999690e+01
2.656609999999999872e+01
1.495710000000000051e+01
1.495710000000000051e+01
1.495710000000000051e+01
-8.033500000000000085e+00
-1.022620000000000040e+01
2.861790000000000234e+01
