-1.107810429170746431e+02
-9.260442437724452702e+01
-1.417402387318596482e+02
-6.401125171889142962e+01
1.307998180134212696e+01
-1.392703068529633015e+02
1.501564101601867485e+00
-1.100617208553216102e+02
-1.294352153333520903e+02
-2.427127323584251144e+02
2.347826274536020605e+02
1.202534976475919706e+02
-3.454581406151651208e+02
-3.493528711880668425e+01
-5.822331923951759336e+01
-5.541752389748165974e+00
7.351951357238653451e+00
1.957841223034399292e+01
1.908157493476472055e+01
-2.623236799926247897e+01
-2.135644101057988919e+01
3.698567973673407749e+01
-2.545466110931297408e+02
-1.292157500813078457e+02
-2.025026602378293319e+02
-1.142265222509547016e+02
-5.362706923546826943e+01
-8.546162605941283630e+01
2.906855852037873333e+01
1.284538971339724434e+01
-5.359321118295692798e+01
-2.952909866203154365e+02
-1.943900880695429123e+01
-5.271841274382870779e+01
-1.046882612495294325e+02
-2.345136859315760347e+01
-2.186657451674401784e+02
9.174324081842325995e+01
-1.146635951707002334e+02
-9.037590362769121555e+01
-1.113556421352477059e+02
-1.029786946299738730e+02
-1.205513695627781203e+02
-5.985445371228540523e+01
-1.485448187932652786e+02
-8.736777030409096767e+01
-5.710512843112092440e+01
-4.328794205422541097e+01
-1.588650868421217943e+01
-3.823909235116280225e+00
-1.493071290554636334e+02
-6.704564745594305464e+01
-7.600319158179460466e+00
-1.169739455923531182e+02
-4.354025672703979666e+01
-1.367516601661221785e+02
-1.010803279160602273e+02
-9.063306597025515998e+01
8.250612993466234002e+01
-2.000071887781740543e+02
-1.353293343143299410e+02
2.433411291202349958e+02
-5.347073713812786622e+01
-5.103822615295046461e+01
-4.527146597149815932e+01
-1.914061028941519282e+02
-2.689356344102586149e+02
-8.782970739513693559e+01
-2.240645583361556987e+02
-3.464257443947055037e+01
-1.354458239259645040e+02
-1.367996725593463054e+02
-7.091611659037914706e+01
-9.752328886577157618e+01
-1.169520579399593601e+02
-9.231023776126603764e+01
-1.312703547038055873e+01
-1.131931931733510481e+02
-5.195121039319417378e+01
4.347476262542758718e+01
-1.203688052148445280e+02
-6.388010973992686559e+01
-2.046695336875908140e+02
-1.396903843476204372e+02
-5.326730859876083457e+01
-1.409635427751339307e+02
-9.441624951128999044e+01
-1.680061281416734857e+02
1.171796111476879787e+02
-6.783461033201085399e+01
-2.804119102463232238e+01
-9.462677161777570234e+01
-4.094058482487158557e+01
-4.167534618744647190e+01
-2.766050816456451145e+01
-1.319832229141122415e-01
7.310342698042657616e+01
1.767725794123512273e+01
-1.057708302801642049e+02
-6.495778116542641101e+01
-6.529201169328577237e+01
-1.304192400991654495e+02
-2.353757072624111686e+02
7.368751585592614006e+00
-1.191701857993146945e+02
-3.699537524656228129e+02
-1.662643909213603877e+01
-7.927517577958212769e+01
-1.845775302075329023e+02
-2.940540137173061339e+02
-1.058453035320404751e+02
-1.462059559266828046e+02
-1.869605623405875576e+02
-9.386859138519689338e+01
-5.702357150981995026e+00
-8.289641129057885394e+01
-1.242802281231959540e+02
-1.062129786837083714e+02
-1.454444231159050389e+02
-1.604044550051726219e+02
-2.468007185803773211e+02
-5.000000000000000000e+02
-1.855395306405578992e+02
-2.249240331508572410e+02
-7.923518299281724353e+01
-3.215262483062795695e+01
7.233871837419157202e+01
-1.082711840821015556e+02
-4.934378996230225312e+01
-1.214001633508207618e+02
-2.276923224206343548e+02
-1.666301041046131459e+01
-2.973647711399307525e+01
-2.735334324279740486e+02
-9.072882082303611639e+01
-1.404647083636179730e+02
-4.216253865412978712e+02
-2.089241424445634721e+02
7.381058659669049860e+01
-1.370636280739024357e+02
9.501378295186474077e+01
-6.819007455902098513e+01
-8.303745105584401642e+01
7.630686662953672261e+00
-1.301251574081061904e+02
-1.055220202626220214e+02
-7.583375413379683039e+01
-2.202705907414012643e+02
-1.404158879173311618e+02
-3.209905038403648092e+01
-6.302885120838735133e+01
-1.006401609140958158e+02
-4.378470534031336570e+01
-4.574134104968948122e+01
-1.836750989012275568e+02
-1.221728233069764968e+02
8.211480440689973648e+01
-5.070569012952677923e+01
-9.700190322638516705e+01
-7.982340124640515455e+01
-6.217471376869065125e+01
-9.778631334510833994e+01
-2.594982789224055182e+02
5.619461458241448071e+01
-6.620253527679773242e+01
-7.361784550202352762e+01
-1.052834385172007075e+02
-1.580348595134962295e+02
2.084930455443031008e+02
-9.793647291073034111e+00
-8.947202217905180532e+01
-1.421931093737543677e+02
-1.306951181518299734e+02
9.847771111646359543e+01
-1.482234048309568664e+02
-7.309035650829235919e+01
-6.257134384474364452e+01
-4.082263546138965893e+01
-7.319779858602134937e+01
-1.069848534551109935e+02
-1.356360655355262281e+02
-1.045123458766210831e+02
-1.959877149779273680e+02
-1.243418803315346111e+02
-6.984505227688946150e+01
-1.012810425196197173e+02
-1.408398571820332279e+02
-1.011138275418219052e+02
-1.040587505331375553e+02
-8.901218532387468940e+01
-7.663264567841373776e+01
-8.834831958223252002e+01
-6.593268745863326785e+01
-1.741054386093305766e+02
-1.969597822627843087e+01
-2.717835147819258736e+02
-1.327454011392421478e+02
-3.060790405241979215e+02
-1.408889915235980368e+02
-1.331103106704871664e+02
-1.365828604304474254e+02
-9.708548910598867110e+01
-1.221788997283628646e+02
-1.444688445326729322e+02
-8.188419349308816209e+01
7.196327495015700038e+01
9.920620550524556336e+01
-9.772754825619601604e+01
-7.219243659856476825e+01
-1.652302589560079937e+01
-1.577423497977871705e+02
-1.071391998040187019e+02
-2.027931413718465308e+02
-2.327085085108309954e+02
2.914586858802059055e+01
-4.130495669525507907e+01
-4.488134892348898575e+01
-1.988301307984372102e+02
-4.424591322217458611e+01
-2.069408932715033131e+02
-5.725073409568011584e+01
-7.845332427528241004e-01
6.810383486398589525e+01
-1.359099288336105893e+01
-9.510630157286392716e+01
-7.252331454319624982e+01
-1.547579858018810057e+02
-9.181458192845909139e+01
-1.095628648507576486e+02
-1.778092290470402759e+02
-5.316873128404906623e+01
-2.540074062689905361e+02
-6.983362224850469602e+01
-6.866153675192711603e+01
-2.579408336835633619e+01
-1.439556747520476563e+02
-9.624262571303752622e+01
-6.100041582582512945e+01
6.469442427249708771e+01
-1.438897007693273338e+02
-1.395579630692003548e+02
-1.139134320830222862e+02
-8.732512683076453186e+01
-3.900089967196424823e+01
-1.908090291266885572e+02
-9.574235988140219433e+01
-6.142804263668018194e+01
-1.261115514815517429e+02
-3.142547880787541814e+01
-1.537401887644780629e+02
1.899463219691018594e+02
-5.866990517195397103e+01
3.967112647345251020e+01
-3.142960981534345777e+01
-6.608106215101263103e+01
3.949732931710202166e+01
-5.522844927755607358e+01
4.787354587914494886e+01
-3.020010480516226892e+01
-5.493296607202166371e+01
-2.107927176988765439e+01
-3.089017249487220340e+01
-5.758351284828146532e+01
5.295677117537678669e+01
-1.836977532361436616e+01
-9.380311453901343910e+00
-9.429601121463146285e+01
-1.145191263553948069e+01
-2.135789646485784132e+01
-1.890168824370262541e+02
6.323291731719546505e+00
-2.545134197591341074e-01
-3.049444651039427256e+01
-8.580265568372604434e+01
-7.101040055414948426e+01
-6.009493377054691621e+01
4.273185033179677106e+01
-1.305439889429087827e+02
-9.227784336758415407e+01
2.069827546436624175e+02
2.023234878557251761e+02
-4.327750798263278398e+01
-2.728469848124549912e+01
-1.069373568056109569e+01
-1.253651754573476440e+00
-1.405720782755994414e+01
-5.749164558757206578e+01
-5.462033619561444198e+01
-2.602291930406249421e+01
-1.020685923735102136e+02
-8.349136428187703984e+01
-3.956315871414815888e+01
4.379049028657254894e+01
6.386877470851237604e+01
-1.113097620712448901e+02
-9.891794467820020031e+01
-1.659441944395242530e+01
-8.868417524430375920e+01
2.581195793873271427e+01
-5.431737430149842538e+01
-8.821132353859820796e+01
-3.261660429823595564e+01
-1.032657816675886835e+02
-1.726402090068151267e+02
-4.403983840284806917e+01
6.362447546303198465e+01
-1.641316966783886642e+02
-9.419016854952394624e+01
-1.039302502950818905e+02
-1.270157663110362876e+02
-1.401126318583724526e+02
-9.455485423310857129e+01
-3.037703220278047525e+02
1.231197839707664166e+01
-3.177002973160097099e+01
-9.661067589050033178e+01
-2.338783452860485568e+01
7.964041785375673754e+00
-8.237600487969166352e+01
6.702074323113581045e+01
-1.581008834252140787e+02
-1.543484429274749914e+02
-3.258857586220040616e+02
-2.213381427314101302e+02
-1.112205461478197321e+02
-1.377248168969107951e+02
-5.842156983452994723e+01
-1.125841055744255073e+02
-9.379353584524203313e+01
-8.517626612054854718e+01
-1.006384554957623720e+02
-3.545995382186225129e+02
-1.414444493687891224e+02
-1.896540179155531689e+02
-3.454831330984541893e+01
-1.471724972295991734e+02
1.859896372271968801e+01
-2.763673197752743249e+01
-1.283663437180666733e+02
-1.358612764478040447e+02
-2.624111721252812117e+02
-1.484749115938954276e+02
-2.597455448470952319e+02
-2.951586952051013100e+02
5.596411775245122300e+01
-1.866500449350819224e+01
-1.154994879468417963e+02
-1.153387435903810285e+02
-9.206787967458582500e+01
-8.109911180952737197e+01
-1.053099608026182636e+02
-1.345511906312992494e+02
-1.279214425010580811e+02
-1.567697764259537792e+02
-2.061322714973585164e+02
-1.105648512651643216e+02
-2.032592403011070701e+02
-9.623637787392650011e+01
-5.000000000000000000e+02
-1.495337838965963897e+02
-1.556904376929744842e+02
-1.053736371421494766e+02
2.359606082746742217e+01
1.419492552059921309e+02
-4.765618403485567711e+01
-8.827582554725753994e+01
-1.146747859933565472e+01
-5.210510131635663100e+01
-1.349093773703991985e+02
-4.573085113590578743e+01
-1.901858037314944738e+02
-1.645558493934499324e+02
-5.256406553959413230e+01
-1.165948228583316251e+02
-3.317345467977045246e+02
-1.243743072792016022e+02
-7.874661708721674813e+01
-1.332249968125853741e+02
-6.623259382943831497e+01
-2.312530418787077053e+02
-1.461241918467947301e+02
-1.228778995935260667e+02
-1.458031812840401642e+02
-1.439110850438680131e+02
-1.429989323010096598e+02
-1.898155102789473574e+02
-2.290849100476830245e+02
-1.986615785774141614e+02
-1.555685068278830556e+02
-1.946672665687726749e+02
-2.117563375964080876e+02
-1.163635528849810612e+02
-1.072532278415684885e+02
-1.717405086300541939e+02
-4.547462367419768725e+01
-7.349125254362863302e+01
-4.460894203847772701e+02
-1.029376083123179058e+02
-9.517869950980762894e+01
-1.328185556091179649e+02
-1.276423127113675662e+02
-1.520714097548960524e+02
-2.247849015875201530e+02
-3.919448146604664629e+01
-1.715635327900498055e+02
-1.705293471616743659e+02
-1.578240490206059121e+02
-9.016724083255128619e+01
-4.099273710631168228e+02
-9.878582991114754464e+01
3.697955102907467904e+02
2.363241894525035889e+02
-8.180581010844903744e+01
-6.606545237045837737e+00
-7.782070650664095979e+01
-1.228067766125258942e+02
-2.124733699039725536e+02
-1.389915998795501650e+02
-4.710739036472213570e+02
-2.265523456516930878e+02
-1.352689395557159742e+02
-1.206996809978001011e+02
-1.404254617713635334e+01
-3.984219746981524679e+01
-1.811239369263087085e+01
-1.220881994010110390e+02
-2.966666874306444512e+01
-2.390690214113166689e+01
-1.588743829214450614e+02
-9.957143090840995114e+01
-1.061684484526743404e+02
-9.984124238014348407e+01
-1.082669750984039183e+02
-1.278690585414049536e+02
-1.069016974327119414e+02
-1.096509042890201471e+02
-8.072052834306381897e+01
-1.672742280739913099e+02
-7.623914241808370207e+01
-4.509098167018790804e+01
-5.871312458205434837e+01
-3.474576124776470598e-01
4.181271471322627065e+01
-6.484389987420672696e+01
7.206267679471622500e+00
4.273705285800894416e+01
3.581891260292086798e+01
-1.555514764522431790e+02
-1.506142375831838933e+02
-1.436860106928872653e+02
-7.413753737788849207e+01
-1.094308013972518552e+02
-1.936346644474543268e+02
-1.298822983732086414e+02
-1.361217507358130092e+02
-3.754046413843917662e+01
-8.958445086329186324e+01
-1.015778912368710252e+02
-1.574883799235020660e+02
-1.840037056481282320e+02
-1.201761755975705910e+02
5.142366130549952885e+01
-1.469499342695835082e+02
-1.792915329508451237e+02
3.847593313419260852e+01
-1.122257889132230133e+02
-4.692047743453218800e+01
-9.424094198171084713e+01
-7.554593271843526736e+01
-1.475522453517441193e+02
-1.079293287597395476e+02
-1.011437325127505460e+01
-9.504291865932643191e+01
-1.205027089407218313e+02
-2.111879289042087748e+01
-4.726710000311473436e+01
-2.126835830034001162e+02
-4.650181425196765872e+01
-1.029397178233704153e+02
-2.914530808455813826e+01
-7.319779682821541655e+01
-8.043469732082635915e+01
2.948533573044661793e+01
-9.030272468886008141e+01
-4.716033120320189909e+01
-1.400698175683337752e+02
-9.546653311109007234e+01
-2.581207648431635562e+02
-1.654622722916124076e+02
-5.468539707478051781e+01
-6.659424807752981224e+01
-5.720495366691636008e+01
-2.130283579834043550e+01
-1.462117270590125315e+02
-1.391082909995438577e+01
1.207092061060902495e+02
-1.278517659695077526e+02
7.896421678655548781e+00
-2.562180564519970360e+01
-1.118649157664136169e+02
-1.795079445223851451e+02
-4.031401899699067570e+01
1.930884909880026896e+02
-1.700091575215152204e+02
-5.000000000000000000e+02
3.371189562260794048e+01
-3.454769578366556004e+01
-1.630256745355709711e+02
-7.807964576986675809e+01
-9.904920839467122562e+01
-2.915049480551622807e+01
1.131237793314394509e+02
-1.433822358263046794e+02
-1.305346527153307363e+02
-3.983588321301975554e+01
-1.817783408955683626e+02
-1.254199553706288128e+02
-1.530225114080003834e+02
-1.025274996526831330e+02
-6.426619074698842837e+01
-1.450034365309644500e+02
-1.814024471065413593e+02
-1.048943192094868095e+02
-1.051580311770178184e+02
-4.504458245727122545e+01
-6.512130599457444191e+01
-2.468502319127313172e+02
-1.483727383642142001e+02
-1.698982515412922396e+02
-7.443731054710771389e+01
-6.103730715473334101e+01
-2.194254568030524410e+02
-3.646507600862146603e+01
-1.834566188169402494e+02
-5.893827184628354843e+01
-2.997867141438073801e+01
6.486989856154232825e+01
1.691226664237885657e+01
-2.034747076317916026e+02
1.952717099592035481e+02
-4.095388423589139393e+02
-2.860262345163886835e+02
-2.035968253497715921e+02
-1.730979845391443916e+02
-1.230338355615839845e+02
-5.283937246445058378e+01
3.077909325404785790e+01
-7.419679350279446339e+01
-2.532037849486661401e+02
-1.217484215268053873e+02
-4.006312939650076999e+01
-8.572544922962589453e+01
-1.831638897594019397e+02
-8.666178779627878725e+01
-1.270406319884864814e+02
-1.052974857762495731e+02
-2.267102659118579027e+02
-4.690188403905614223e+01
-8.686601856403778754e+01
-5.481402572611181512e+01
-1.058756615032346247e+02
-2.305052456790378557e+01
-6.583499115309309957e+01
-1.382152979741868819e+02
-6.483279081029215263e+01
-9.159458593339616073e+01
-1.274768833961261407e+02
-1.508065740848096539e+02
-4.239887773197688858e+01
-6.651777915196834101e+01
-1.025612366974758061e+02
-8.030996049219000454e+00
-2.994137814970961031e+01
-4.133611989805239517e+01
-1.056830312363115922e+02
-3.705861551276966992e+01
-4.148425176920895296e+01
-4.481080684663557179e+01
-1.595613972258675517e+02
-1.569901321107498404e+02
-8.763366024476826510e+01
-1.145779069232197998e+02
-1.573011554563464358e+02
-1.073527147391406089e+02
-4.410441028344324366e+01
-5.782120562050825185e+01
-8.159270310520375347e+01
-9.158840597167736064e+01
-7.797630196378059964e+01
-9.090488658184209214e+01
-1.943214908850762583e+02
-6.209990949042978059e+01
-9.624838650274723761e+01
-3.843903200391058483e+00
-8.114783765297704576e+01
-1.528487664611992898e+02
-9.810123649772920373e+01
-1.429826023753603579e+02
-1.882209040242906326e+02
-1.493902232324307988e+02
-1.139215716190520595e+02
-4.259164952516978531e+01
-9.594804199434243230e+01
-2.533089704208985538e+01
-1.207960427308148326e+02
-3.231972662626641863e+02
-1.805424513296121347e+02
-9.065231567018771841e+01
-1.517400114599397227e+02
-2.665731336578462560e+02
-4.097125205968903572e+01
-8.982454914659628642e+00
-1.651845204892145205e+02
5.127588102465390563e+01
1.942473032966150015e+02
3.518376837999935560e+02
-1.570421323159091855e+02
-3.755347349094678862e+02
2.300333578844463318e+02
-1.133192899587389775e+02
7.849382406360636999e+00
-1.751775320559750639e+02
-1.186949419423540917e+02
-1.183101359424907741e+02
-1.099326495686664202e+02
-7.439856815699937442e+01
-1.530374485083816580e+02
-1.129943142933392153e+02
-2.462363278363638415e+02
-6.836339325548264867e+01
-1.109864351440701711e+02
-5.293857505259806118e+01
-4.734108800073675383e+01
5.725593145873802747e+00
-5.110815572257146044e+01
-1.761798793534810272e+02
-1.047559204185246671e+02
-1.187782651727876413e+02
-8.286787568835397622e+01
-1.807642344537322856e+02
-9.401421166412981734e+01
-9.958448233266869920e+01
-1.130241372007039331e+02
-1.517576317782718434e+02
1.968789908391619292e+01
-6.279183564284353025e+01
-1.425688522468763040e+02
-1.424699772436626688e+02
-7.058919994865613035e+01
-3.717975834519698708e+01
-1.139725857367482575e+02
-4.479103703059293196e+01
-9.324932383526236990e+00
4.585527242163688300e+01
-9.037996215952037460e+01
-3.331634389941419983e+01
-1.205177302026828912e+01
-5.450068564626873524e+01
-8.711965461119089582e+01
-4.934981912500875012e+01
-1.607969849761431078e+02
8.597021007688641703e+01
-7.867563975184179981e+01
-4.255786218104734786e+01
-6.996411274766204258e+01
-8.455994171025238870e+01
-8.834122675413237857e+01
-4.207183113266348329e+01
-1.429688443742103345e+02
-7.773606813527864290e+01
-1.120949672374271131e+02
2.697151610775423691e+01
2.955551434462483371e+02
-2.341883338983348608e+02
-8.812239833130171007e+01
-4.083291681131680662e+02
1.701219924552690088e+01
-2.431856313616459602e+02
-3.674454729352191862e+02
9.813145319396936372e+01
-3.877077386240865735e+02
1.203836297022856527e+01
1.013531058882640536e+02
-1.593674774929104956e+02
-1.350106159368253316e+02
-3.090944610936514323e+02
-1.552411165550526277e+02
-1.906972856687109186e+02
-1.734245303533768947e+02
-6.824606059736471764e+01
-6.384726774449752185e+01
-3.937675200779220575e+01
-6.436458231248884942e+01
1.145009713356809442e+02
1.369783932678056715e+02
-2.509435602266826777e+02
4.374973070248903184e+01
-4.877418130197731472e+01
-8.496650958310416613e+00
2.406204100352868913e+00
5.571614465042484454e+01
5.541719941518771009e+01
-3.535919359266824102e+01
-4.574884172606377319e+01
-8.027257950656813534e+01
2.342759747728024422e+01
5.279720804564210113e+01
1.940130215936563900e+02
-3.390948000245681442e+02
1.452621745447937087e+02
1.212401016388373023e+02
-9.117161328166190515e+01
-3.960138989593301773e+01
-7.130515333371560871e+01
-1.429453144610001303e+01
3.958908394315404422e+01
-5.255718952860581794e+01
-5.299937323989085058e+01
-1.745464559164684815e+01
-4.325660545074228480e+01
1.473376513143275801e+01
4.110019157980455162e+01
-6.218015934088901986e+01
-1.537582345362702085e+02
8.446206169763717853e+00
-1.163994937249515260e+02
-1.307108809136473724e+02
-7.304104759767189137e+01
-1.344524967648280267e+02
-4.210607990770174069e+02
-6.946279315119134878e+01
-3.424777214891921062e+02
2.586805861748000552e+02
-2.002752424315689836e+02
-6.070653397229444437e+01
1.560347872717244115e+02
-1.466892257169815252e+02
-3.950356437545389099e+01
-1.617167300048769789e+02
-7.523940231050773697e+00
-2.342342234147461681e+02
-9.472236293613530478e+00
-3.196789788663396052e+02
-1.702688179089683160e+02
-2.394425440220264818e+02
-1.965599180142101545e+02
-1.459280401289228450e+02
-1.186467114178755651e+02
-3.976584186447478686e+01
-8.689963252047446929e+01
2.221284282631246185e+02
2.431532974046702691e+02
-5.000000000000000000e+02
8.507101045486240309e+01
-5.000000000000000000e+02
-3.639897788176455720e+02
1.469138290986391269e+02
-2.570435364042030528e+02
-1.913497575756778417e+02
-4.838186004531655726e+01
7.853840237821861692e+00
-2.190186139640235865e+02
-1.349604327272106730e+02
1.735619651899193627e+02
-5.000000000000000000e+02
-5.000000000000000000e+02
-1.256891438863783321e+02
6.791548595489157947e+01
4.145042576220330943e+01
-1.121119627972594515e+02
1.228402284431550839e+02
1.376114778739172948e+02
-1.785725651260497102e+02
-1.341398927312338856e+02
-1.843250702739469489e+02
-8.703751605974709094e+01
-8.579225829020390393e+01
-9.218019549429664039e+01
-8.286812772322576848e+00
-2.141942614813951877e+02
-5.000000000000000000e+02
-3.641589223603460255e+02
-1.007277762626273301e+02
1.858699117959557441e+02
-1.177454848696544758e+02
-9.001806879846760978e+01
-1.111071899044970479e+02
-6.872923537491250556e+01
-8.109979961166868634e+01
-1.067065113498500608e+02
-1.064328966235588183e+02
-1.037739716239481425e+02
1.607727546073412555e+02
1.126054468726200213e+02
-1.345687280749879733e+01
-2.319056043997502314e+00
-5.494833563711070212e+01
-2.055859995610757807e+01
-4.376893596757826543e+01
-4.207685296638984340e+01
2.077170367529658890e+01
-3.380024263476411761e+01
-3.832547582381307905e+01
-8.953447108897765361e+01
-7.719377402011080846e+01
-1.280739217056928680e+02
-1.560479379846782706e+02
-1.322034655267870846e+02
-1.574136675414086710e+02
-1.272122829059669016e+02
-1.976183916082051439e+02
5.867643002321857537e+00
-1.320880467639378821e+02
-1.256807322672216998e+02
-1.333586753195384915e+02
-4.030044274460402676e+01
-2.431144225897761828e+02
-1.195419612765723372e+02
-2.397676421267454714e+02
-1.109381988125425664e+02
-5.232411195455412667e+01
-1.451399730527687950e+02
-2.837733547675528598e+02
-3.674634544408016268e+01
-5.429516605006610064e+01
-1.599028504902509269e+02
-2.670702511631468212e+01
-7.658748765415478488e+01
-6.908825364370908062e+01
-1.265043958092566641e+02
-9.376223864928427076e+01
-2.484272925158805663e+02
-1.018373694271739964e+02
-6.736413881679021642e+01
2.994201393009819512e+01
-8.359031961731696470e+01
-1.334329862369482953e+02
-1.045595825946159607e+02
-1.187743729223922742e+02
-1.308373775748093237e+02
-1.593677743164462868e+02
-2.457914769417207594e+02
-6.502589305502553430e+01
-1.185379329274290683e+02
-5.504392356857372448e+01
-1.065783427109426356e+02
-6.658770864732186112e+01
-7.570930096418223343e+01
-6.139259797888066750e+00
-7.286449682040928622e+01
-9.029652202312145448e+01
-1.310257045732103975e+01
-4.928345873263336330e+01
-1.119594517284950683e+02
-1.472818217503759683e+02
-6.321467714172251817e+01
-1.013170410878928607e+02
-1.828013657516978867e+02
-1.558784576584160959e+02
4.103111373110184701e+01
-5.152894569128986291e+01
-3.415440338535549358e+02
-1.646193770849794191e+02
-7.099092366745462357e+01
-1.216903722687165725e+02
-1.399878752830065309e+02
-6.935346930891347483e+01
-9.789591681362583131e+01
-2.287483468471657133e+01
-1.216789181947680447e+02
-2.010853107679446055e+02
-1.606678104409988066e+02
-1.207370636808497544e+01
-1.048185938745145194e+02
-4.648472703531101047e+02
-1.362238755774687888e+02
1.696164094918412957e+02
1.528151641223717547e+02
-1.549090801404058197e+02
6.667584093367791809e+01
1.916614298857791141e+02
-1.319848131769858810e+02
-1.128036689211819947e+02
-3.613432236481776272e+01
-1.296474492932714782e+02
-2.130796965939786105e+02
-2.220028379499459277e+02
-1.493528490912892721e+02
-1.068168462752996675e+02
-9.150198427295214287e+01
-7.993183036367443606e+01
-1.474564823722297469e+01
-1.310764618284035237e+02
-1.374904867264330051e+02
-7.761514965584082404e+01
-9.842714555078191552e+01
-2.677927885182853061e+02
-1.014735637902639240e+02
-1.011694687417871563e+02
-1.631627603990553439e+02
-2.055868174021284744e+02
-1.982308207971173317e+02
-1.257981168402257666e+01
2.478405090342106476e+01
-1.210852544402099227e+02
-4.283445216547137591e+01
-1.041658433519699116e+02
-1.895447222901368605e+02
-1.763600584289356732e+02
-1.195673081311616386e+02
-9.266743791972865552e+01
-1.368139383074354214e+02
-1.380423705664615852e+02
-4.876457861138661087e+01
1.448889906666354648e+02
-1.352137813563102497e+02
-3.888271510444359080e+01
-2.309230425720273274e+02
-9.495227945480148435e+01
-1.665214951481004277e+02
-1.452627665290657148e+02
-1.599487498579869111e+02
-1.669200599405661194e+02
-1.426107767258280319e+02
-1.634130101279723988e+02
-9.900927824701898317e+01
-1.048091234639569223e+02
-9.775245850525882929e+01
-1.350380837738248943e+02
-1.215132601694404997e+02
-1.334546628373601891e+02
-1.434786708997103233e+02
-8.273385073808965728e+01
-4.315617728886444411e+02
-1.032354415304315296e+02
-1.039808694648067444e+02
-1.141963496206066964e+02
-8.336289926364443659e+01
-1.037918926331297058e+02
-9.503797831578962985e+01
-1.319093037112870945e+02
-6.357309950008281874e+01
-8.098206998686480063e+01
-7.634080189487328028e+01
-8.788044875430225034e+01
-2.784560973427715567e+02
1.213326155251032787e+02
-1.881520083035148332e+02
-3.088682750402529109e+02
-3.813982239440621242e+02
-2.011358738202783343e+02
-4.892622164205786106e+01
-2.580625040491474351e+02
-7.999706059133291092e+01
-6.277863587589880012e+01
-2.149586297099863259e+02
-1.243674691931259133e+02
-3.292823602779198211e+01
-1.075624116969179056e+02
-1.316199791037829243e+02
-1.533853583633503774e+02
-4.520262500949050377e+02
-9.439679980961129502e+01
-1.687733344480618598e+02
-8.649031608637180568e+01
-6.586282899591074624e+01
-9.542061487746801163e+01
-2.668887249123750962e+02
7.378783163549140767e-01
-5.719784921180269777e+01
-1.276666857080935813e+02
-7.577023834934155389e+01
-9.569403729911978473e+01
-1.054620671006335471e+02
-1.716165927411517487e+02
-7.480954084877956234e+01
-1.152595809804021485e+02
-7.030965051293647150e+01
-1.139266941341617354e+02
1.375409231026224433e+01
-4.509916527551235177e+00
2.320380503399442063e+01
-2.505667861159545851e+02
-4.079257939375073079e+02
1.428124410356158478e+02
-3.209657105790483342e+02
-1.709468071078870253e+02
-1.197758852043606908e+02
-1.068042967792184044e+02
-7.333636349299221990e+01
-1.455226462850721134e+02
-7.994258908700508925e+01
-4.506860506616114748e+01
-1.018429998686254550e+02
-1.408756867677686557e+02
3.022375666915879151e+02
5.000000000000000000e+02
5.000000000000000000e+02
-3.963016871603792879e+01
1.327223021051365492e+01
-1.484872870256639601e+02
-1.177335979663979231e+02
-4.760392053373444554e+01
-1.113706603997909355e+02
-7.999787620164828184e+01
-7.677283674755130960e+01
5.568567376904990596e+01
-1.122183414173269540e+02
-9.447526835130611289e+01
-3.963230087518220301e+01
-1.090774456760323829e+01
-1.217217501311648107e+02
-5.659358489843305051e+01
-2.750174665958262494e+02
-1.032263183050975641e+02
3.912605926688009106e+01
-1.049214670261851126e+02
2.259458169908165246e+02
-6.421376589827696080e+01
4.452454377001474484e+01
-1.354297914844905790e+02
-9.976800425129987104e+01
-1.206798550923400057e+02
-5.493762553433619900e+01
-6.386588195576410953e+01
-5.000000000000000000e+02
-7.200044377568309528e+01
-1.399392712493670388e+02
-1.599078009123942756e+01
-1.448824567827312748e+01
-8.621550292946920990e+01
-2.199235544612000410e+02
-8.536240977913053030e+01
-6.439101524510998331e+01
-9.310311147784684493e+00
-1.293765716635202523e+02
-9.727657968070124639e+01
-1.151836181305622659e+02
-6.138499515499530901e+01
-6.865305434187631306e+01
-1.705776498959739342e+02
-8.287498415666154017e+01
-1.428874528987786334e+02
-1.543394770513084211e+02
-1.147901040120620735e+02
-3.841907639181161471e+01
-8.538002681372094571e+01
-7.298169474652340227e+01
5.163174489609280471e+01
-2.894282263478895345e+01
-9.122060113308481277e+01
3.493576185949040109e+02
-5.844264936154141310e+01
-1.146157592147035302e+02
-2.015231792523806575e+02
-2.358654896422999059e+02
-1.332731076237719137e+01
8.587859507718360419e+01
-2.276138801568176362e+01
-3.678721061848652596e+01
-6.671966086488023961e+01
-7.403842509615242307e+01
1.875171987654692884e+01
-5.178530210508726128e+01
-4.440944172285716718e+01
-4.270772776012552754e+02
8.775833774666523368e+01
-3.560677825597753099e+02
-6.347116682928452036e+01
1.563958473317246103e+02
-2.181271297927079900e+02
-4.654028502012802733e+02
-1.122594606389484397e+02
-3.902872997683051182e+01
-4.086253539120313576e+02
-8.835466044744717351e+01
-5.812311682352098785e+01
-1.248707000628929933e+02
5.265960946259804487e+00
-1.067981845623984043e+02
-5.537163422101453136e+01
8.518558674241046447e+01
-1.238933825180928494e+02
1.141848895946015858e+02
-1.355360591281789766e+02
-2.588869437199688264e+02
2.554578802794767967e+02
1.952318579484043255e+02
-3.773656789142381740e+01
5.385693955514665276e+01
-1.502527899428181968e+02
-2.222225437232065417e+02
-6.681432750768860274e+01
-4.052934003773236427e+00
-1.363922110281401103e+02
-8.407251928823544063e+01
2.529974531339649335e+00
-4.034305877755862753e+02
-1.241466814723981145e+02
-5.697975885208931279e-01
-1.363371868315647930e+02
-6.459753716870275753e+01
-1.335306402955052931e+02
-2.509152617270714529e+02
-5.142708292566216954e+01
-1.011930738349053911e+02
-7.632611657565070118e+01
-1.296144906390496203e+02
-4.991436131901616058e+00
-1.229293146981424485e+02
-7.623038461309221248e+01
-2.002712715917355695e+02
3.600146922869893729e+01
-1.556986225119619860e+02
-8.679949605007161395e+00
-2.779575562919804383e+02
-1.113157026285884115e+02
-1.202721582081990981e+00
-1.381044834317069387e+02
-1.433745734859346044e+02
-2.369481363989012550e+02
-2.019993774685241590e+02
-2.673445656726685229e+02
1.525548959979546737e+02
-2.286598732287691291e+02
-1.196629493955500863e+02
-4.578711209947022667e+02
6.902235331283752373e+01
-1.300683299752756916e+01
-5.000000000000000000e+02
-1.764547635782750845e+01
-3.006375429478886030e+00
-6.231642582335585701e+01
-7.378447321120340519e+01
-1.829834307039590442e+02
-7.103499957338260629e+01
-1.172319355478991838e+02
-1.098471858033817909e+02
3.802491156741216116e+01
-1.383019511295618145e+02
-1.161591042960186826e+02
-5.000000000000000000e+02
-3.641849415900911140e+02
-1.607050067378432345e+02
-1.935684103804260019e+02
-2.245168911271006209e+02
-1.266742494250162849e+02
-9.628395569451562608e+01
-2.041279085133915601e+02
5.000000000000000000e+02
-8.821695712607464657e+01
-6.609703130498132850e+01
-9.646341123975676624e+01
6.237316090104166655e+00
1.147029112738836716e+02
-2.390874679592221526e+02
-1.633807284302432379e+02
-1.874412233826992349e+02
-1.366198841835369251e+02
-1.379102141423553860e+02
-1.621193267170300203e+02
-1.033671367914094077e+02
-1.200172218087400751e+02
-1.424870543311012909e+02
-2.497421172098474074e+02
-1.020058845071554288e+02
-7.667441420821329245e+01
-3.147992597625103528e+01
-8.574402022960872216e+01
-9.617097162045087799e+00
5.587320742518214445e+01
-5.000000000000000000e+02
3.501841876457906437e+02
-1.146112843156373913e+02
-1.377146706757131938e+02
-5.836779872865962915e+01
-1.404629439395774000e+02
-8.360542469854087244e+01
-5.522162018428328167e+01
-1.413132914727020761e+02
-8.295465347825536639e+01
6.787467181643498293e+01
-1.418563508164972404e+02
1.658277964183343727e+02
6.080097744472253396e+01
-1.203384293537151137e+02
-2.280798859613815353e+02
-1.207593604099103715e+02
-1.169948708976155132e+02
-9.172452154616217967e+01
-2.200308632881877884e+02
9.160241067867499964e+01
-8.402933435519679506e+01
-1.335605282318395552e+02
-8.699709760012321169e+01
-1.191547383420713970e+02
4.384319443064090365e+02
-1.990250575125100170e+02
-2.000477640671293216e+02
-7.809651545429261432e+01
-8.109085133538468426e+01
-7.726838271803774205e+01
-1.792442018604746181e+02
-1.620211664681148136e+02
-1.441512994487133597e+02
-7.769338366774695714e+01
-1.171093929100335345e+02
-2.822522211474783944e+02
-1.167122912955226752e+02
-1.039094497034800213e+02
-8.731835288645848436e+01
3.993842759103567346e+02
-1.454126308371902212e+02
-3.202381778345680914e+02
-8.582171606476683223e+01
-7.062331199495163503e+01
-1.119503354757322029e+02
-1.388938771974646329e+02
-1.559397278952868362e+02
-1.698645889236097162e+02
-1.301775842109043140e+02
-2.113973070039431832e+02
-1.247404584520353410e+02
-1.414686773456017193e+02
-1.073298294889178095e+02
-2.356449121885795819e+02
-7.739578438916392145e+01
-5.000000000000000000e+02
-1.098910537469164126e+02
-1.377568711299443294e+02
-1.271850212097061927e+02
-1.304081755711771606e+01
-1.192921325598837257e+02
-1.413633820223952569e+02
-9.498647783694903524e+01
-1.600545952022226857e+02
-1.625571311485166461e+02
-1.649532982278960276e+02
-1.268060560141408644e+02
-2.263303629243494868e+02
-4.981774199256632585e+01
-2.099539256271410181e+02
-1.152779460206632791e+02
-1.403043597360305625e+02
-1.083332394552572850e+02
-1.935739964720976332e+02
-5.205188617916068239e+01
-5.224349903606861290e+01
-6.578411611994297914e+01
-6.797186677519977138e+01
-1.547799789202849752e+02
-6.493620582202952107e+01
-1.649870119517068474e+02
-2.047888246594138764e+02
-1.043122457482925824e+02
-1.100567118453701880e+02
-1.157032343828933563e+02
-5.168374133010738802e+01
-1.299000206439784506e+02
-1.277530220112439849e+02
-1.107127629957931703e+02
-1.476881638950830222e+02
-8.264775376743084223e+01
-1.451699357391782144e+02
-8.056797580806453141e+01
1.167006757194319846e+02
-1.049228327743897466e+02
-1.738180779584323830e+02
1.051208726918219405e+01
-1.818509814726564002e+02
-7.270737854627931540e+01
-1.112986763621682513e+02
-1.201525282575052245e+02
-3.251846434663796970e+01
-1.961003163515735537e+02
-3.620081395807106617e+01
-9.565898153742914189e+01
-8.282923393843120152e+01
1.425900684715693103e+02
-1.091061617537853010e+02
-4.868666161668094361e+01
-1.585790368341047838e+02
-2.338413559124942935e+02
-3.728969301402973429e+02
-2.263399720781917210e+02
-1.669962686503660905e+02
-7.089054607778882655e+01
-1.334435460543358261e+02
-1.456771888906293668e+02
-1.978996512215054508e+02
-6.668141887389479905e+01
-1.261477100675751331e+02
-1.123644865830105886e+02
-1.267018091241293973e+02
-3.249128864533335559e+01
-4.530735684687304143e+01
-8.498571127413904946e+01
-9.348402428625774974e+01
-1.002125934586881897e+02
-1.597997509441671014e+02
-2.075088294283440504e+01
-3.121930228452730489e+02
-1.347178012567878511e+02
1.153001065570273909e+01
-1.097811686666642004e+02
-9.819131306319997066e+01
-7.333097769019151713e+01
-8.995943972973039138e+01
-1.269360271606449118e+02
-8.374508784616223522e+01
-7.933668349780572271e+01
-1.133994769581356366e+02
-3.927074082581993508e+01
-4.342628603641548324e+01
-5.787409955854118238e+01
-1.731682608097358411e+02
-1.288462421132662143e+02
-1.044685178636870546e+02
-7.377146685961380967e+01
-8.427623994758353376e+01
2.209426954078376326e+01
-1.390900517960683374e+02
-3.028276653159963416e+02
-2.179215804688723210e+02
-4.298769071534279078e+02
2.152944730707518062e+01
-1.270858840618889332e+02
-2.815522053183065623e+02
-3.013826680292294782e+02
-2.267204973566897195e+02
-2.288051790139112640e+01
-5.063955160687081047e+01
-7.459447722106455103e+01
-1.685890608473742702e+02
-1.564434283201500193e+02
-9.041311912741630863e+01
-8.210478390740833277e+01
-6.007352698596619689e+01
-6.863080297760814119e+01
-1.426567959465930926e+02
-2.247621509653485461e+01
-7.421632449643213647e+01
-6.890754248094637546e+01
1.024014115108746239e+02
4.862326172620975662e+00
-5.250957091663518383e+01
-7.809856905919571091e+01
-6.282325781706926904e+01
-3.158382620166155874e+01
-7.917946329634165181e+01
-2.391604489453275306e+01
-2.433767741772455295e+01
-9.915247956431106502e+01
-2.350055420925287706e+02
-1.262208977656224818e+02
-4.647205076085323583e+01
-1.313842441060438659e+02
-4.044284697994880418e+01
-1.142191577646092639e+02
-2.199493595719141297e+02
-2.712002477538855487e+02
1.052065982474342576e+01
-2.800576460908262106e+02
-5.286792178530855324e+01
-1.443211790337715286e+02
-1.365405653014487370e+02
3.781671072058523464e+01
4.402521382468954698e+02
-4.668903427673462403e+01
-4.234655221918119139e+01
-1.158413211681431108e+02
-4.758431864333572747e+01
3.373682156371887686e+01
-3.281674070399611765e+01
-1.786585663575095282e+02
-7.533114611932475668e+01
-2.738162110852089715e+00
4.375832693283440022e+01
-8.879850515978432668e+01
5.842360157890698247e+01
-4.354005575504990588e+01
-1.774616985743047053e+02
-1.149712800968075754e+02
9.839744858163192021e+01
-1.251944664185877230e+02
-1.155539386025695450e+02
5.000000000000000000e+02
-6.959797278171006951e+01
-1.966920403111330700e+02
-2.494400332235962381e+01
-1.533731876397499150e+02
