-9.761242866516113281e+00
-1.174886703491210938e+01
1.181691970825195312e+02
-1.748989295959472656e+01
-2.611192464828491211e+00
-4.093965911865234375e+01
1.871004867553710938e+01
-4.808971023559570312e+01
-1.821389160156250000e+02
7.620724678039550781e+00
-1.796056747436523438e+01
5.018526077270507812e+00
-5.860942840576171875e+01
-2.739503669738769531e+01
7.389884471893310547e+00
1.669844031333923340e+00
-9.230609893798828125e+00
1.207264232635498047e+01
3.318702697753906250e+00
5.648089885711669922e+00
-3.774087524414062500e+01
-1.668045234680175781e+01
-3.482089614868164062e+01
-1.361957168579101562e+01
2.624083518981933594e+01
7.150050163269042969e+00
2.216965293884277344e+01
-5.293135833740234375e+01
6.418556690216064453e+00
-1.299000740051269531e+01
-2.231055641174316406e+01
-4.080175399780273438e+00
4.258851623535156250e+01
-4.013021850585937500e+01
-2.526351165771484375e+01
-1.701921844482421875e+01
-2.734706878662109375e+01
2.647467231750488281e+01
-1.073856639862060547e+01
8.360012817382812500e+01
-1.661149978637695312e+01
3.382858276367187500e+01
5.471212387084960938e+00
4.224975204467773438e+01
-5.429241657257080078e+00
3.673956680297851562e+01
3.303113555908203125e+01
3.662264633178710938e+01
-2.767384338378906250e+01
-9.059728622436523438e+00
2.815950584411621094e+01
1.763978958129882812e+01
4.816465759277343750e+01
-2.368060684204101562e+01
-6.209901046752929688e+01
-5.359090042114257812e+01
-4.275939941406250000e+01
-5.446030044555664062e+01
1.731001663208007812e+01
-8.092897796630859375e+01
-2.446306467056274414e+00
-1.901883506774902344e+01
-4.040003204345703125e+01
-4.281935882568359375e+01
5.558152198791503906e+00
1.718110656738281250e+01
-1.565486297607421875e+02
-3.415835571289062500e+01
-2.502967262268066406e+01
1.453993511199951172e+01
1.480075454711914062e+01
2.339880180358886719e+01
6.292643737792968750e+01
-5.448128509521484375e+01
-3.756099700927734375e+01
-2.634876060485839844e+01
-1.915973663330078125e+01
5.869936466217041016e+00
-1.001306891441345215e+00
-2.220263099670410156e+01
-2.050880241394042969e+01
-5.994050598144531250e+01
-1.418018341064453125e+01
-3.772888183593750000e+01
1.619778633117675781e+01
-6.679376125335693359e+00
-1.381593627929687500e+02
-2.228956985473632812e+01
-3.864624786376953125e+01
-2.752094841003417969e+01
-1.891090965270996094e+01
-2.577915382385253906e+01
1.814943695068359375e+01
2.481981849670410156e+01
-3.372065734863281250e+01
-4.603913116455078125e+01
-1.305895996093750000e+01
-8.655908203125000000e+01
-8.363010406494140625e+01
-9.893151372671127319e-02
-1.514401702880859375e+02
-5.323115158081054688e+01
-3.050088500976562500e+01
8.969790458679199219e+00
-8.514106273651123047e-01
-2.349773406982421875e+01
-1.125121116638183594e+01
9.468945312500000000e+01
-3.212875747680664062e+01
-6.614021301269531250e+01
3.507571816444396973e-01
-7.558967590332031250e+01
-7.090091705322265625e+00
4.367076873779296875e+01
-3.635882949829101562e+01
-3.416135025024414062e+01
-2.368060684204101562e+01
-1.918072128295898438e+01
-6.921009063720703125e+01
-1.757983016967773438e+01
-4.298124694824218750e+01
-7.635114288330078125e+01
2.031993293762207031e+01
-1.695925903320312500e+01
7.100884246826171875e+01
5.720040321350097656e+00
2.443908119201660156e+01
-9.236905670166015625e+01
3.104051208496093750e+01
-4.131140232086181641e+00
-9.548090362548828125e+01
-3.158013916015625000e+01
6.250073242187500000e+01
-2.991029548645019531e+01
-5.833061981201171875e+01
6.019832611083984375e+00
1.179083824157714844e+01
-4.358982563018798828e+00
-1.352963447570800781e+01
1.536136627197265625e+01
2.056576347351074219e+01
-5.878930091857910156e+00
2.860020065307617188e+01
5.410954284667968750e+01
4.698947143554687500e+01
-1.487870025634765625e+01
-2.961050224304199219e+01
-3.026704788208007812e+01
9.794219970703125000e+00
6.185018539428710938e+01
5.100069427490234375e+01
5.170820617675781250e+01
-3.569928741455078125e+01
-3.484787750244140625e+01
-2.964947462081909180e+00
-6.551065063476562500e+01
-1.868906211853027344e+01
-2.845929908752441406e+01
-4.867130661010742188e+01
-2.884003639221191406e+01
4.611108016967773438e+01
3.396049118041992188e+01
-1.064862823486328125e+01
-6.439542293548583984e+00
-6.136452102661132812e+01
5.099469661712646484e+00
3.845138168334960938e+01
-9.248598098754882812e+00
-3.888908004760742188e+01
1.421016335487365723e+00
1.010000801086425781e+01
-1.456991386413574219e+01
-4.125743865966796875e+01
2.556929969787597656e+01
4.233069610595703125e+01
-1.543031883239746094e+01
6.103174972534179688e+01
-7.699869537353515625e+01
-1.528941631317138672e+01
-3.908094787597656250e+01
1.015996646881103516e+01
-6.610424041748046875e+00
-1.778968429565429688e+01
-4.880621433258056641e+00
1.639864802360534668e+00
5.217887878417968750e+01
7.802098846435546875e+01
-3.116042900085449219e+01
4.706741869449615479e-01
-3.989937973022460938e+01
-2.907986938953399658e-01
1.644961357116699219e+01
-6.352002716064453125e+01
1.725005912780761719e+01
1.235144996643066406e+01
-8.541387176513671875e+01
1.141010093688964844e+01
-3.017111396789550781e+01
-7.373995208740234375e+01
-1.510953998565673828e+01
-1.531040096282958984e+01
-8.367207527160644531e+00
-4.659074783325195312e+01
7.490015411376953125e+01
-1.042078590393066406e+01
-5.540164947509765625e+00
3.569628906250000000e+01
-7.030133247375488281e+00
-1.874902153015136719e+01
5.520678329467773438e+01
1.653955078125000000e+01
3.571127700805664062e+01
1.100238323211669922e+00
-5.880728912353515625e+01
1.713014221191406250e+01
6.118764400482177734e+00
5.711046695709228516e+00
-7.856061553955078125e+01
7.733446502685546875e+01
1.369392089843750000e+02
-2.086855316162109375e+01
1.694127273559570312e+01
-2.098547220230102539e-01
-2.494872856140136719e+01
3.842739868164062500e+01
4.379068756103515625e+01
2.288615798950195312e+01
-1.352064013481140137e+00
-3.924283504486083984e+00
2.910085487365722656e+01
3.227865600585937500e+01
-5.239772796630859375e+01
3.268936920166015625e+01
-2.038588714599609375e+01
4.022915267944335938e+01
2.792866706848144531e+01
2.702928924560546875e+01
2.619886398315429688e+01
-5.238873291015625000e+01
-5.768007278442382812e+01
-9.053132629394531250e+01
-4.019017791748046875e+01
3.030901908874511719e+01
-1.910877227783203125e+01
4.734022903442382812e+01
6.464424896240234375e+01
-5.112061309814453125e+01
4.755907821655273438e+01
-2.753893661499023438e+01
1.981028556823730469e+01
-1.052511367797851562e+02
4.360181808471679688e+01
-8.493120574951171875e+01
6.128957366943359375e+01
-3.626889419555664062e+01
1.792758941650390625e+01
-4.498985671997070312e+01
-5.535068511962890625e+01
1.648858642578125000e+01
-4.528065490722656250e+01
1.257029819488525391e+01
4.400953292846679688e+00
-5.401960372924804688e+01
1.329279804229736328e+01
-2.797963142395019531e+01
8.250288963317871094e+00
8.285064697265625000e+01
-1.126020526885986328e+01
-3.184095764160156250e+01
-9.277976989746093750e+01
4.879122543334960938e+01
-4.125144195556640625e+01
-2.821047210693359375e+01
-1.933061790466308594e+01
-7.308041381835937500e+01
1.265124225616455078e+01
-1.498962306976318359e+01
4.257052993774414062e+01
-7.546076202392578125e+01
-5.027519702911376953e+00
-6.670682525634765625e+01
-2.670851135253906250e+01
-9.836191177368164062e+00
-3.668860244750976562e+01
2.875909233093261719e+01
4.867130661010742188e+01
-1.674041175842285156e+01
-1.110731124877929688e+01
1.451295375823974609e+01
4.660873413085937500e+01
4.116150665283203125e+01
4.319110107421875000e+01
-2.237950706481933594e+01
-2.348873901367187500e+01
-9.167053985595703125e+01
-4.628795623779296875e+00
-1.260027790069580078e+01
-2.371358394622802734e+00
4.433031082153320312e+01
3.542047882080078125e+01
7.630017852783203125e+01
-2.206172752380371094e+01
-4.919594287872314453e+00
1.161995601654052734e+01
-3.206880187988281250e+01
1.262725925445556641e+01
-3.265039825439453125e+01
-8.195127105712890625e+01
-2.633976554870605469e+01
-8.065916442871093750e+01
-5.780898284912109375e+01
1.712114715576171875e+01
3.837043762207031250e+01
5.427143096923828125e+01
-8.116281127929687500e+01
-7.987071228027343750e+01
-1.736997604370117188e+01
-1.588000679016113281e+01
-1.239941692352294922e+01
3.804965972900390625e+01
4.799977111816406250e+01
1.084948921203613281e+01
9.187439727783203125e+01
3.771089553833007812e+01
-4.044500350952148438e+01
4.706741869449615479e-01
2.785971450805664062e+01
-3.552540779113769531e+00
4.072080993652343750e+01
2.606995391845703125e+01
1.498962402343750000e+00
5.908909320831298828e+00
1.235144996643066406e+01
2.078461265563964844e+01
1.537035942077636719e+01
-2.743101119995117188e+01
3.402045059204101562e+01
4.910600662231445312e+00
1.797855377197265625e+01
4.311015605926513672e+00
-3.786978530883789062e+01
2.526081390380859375e+02
7.492113494873046875e+01
5.717042446136474609e+00
2.485879135131835938e+01
-1.666246604919433594e+01
4.364978408813476562e+01
-2.424121856689453125e+01
-1.957944679260253906e+01
-2.025098037719726562e+01
-2.717918586730957031e+01
5.201399326324462891e+00
-1.248935413360595703e+01
2.371957969665527344e+01
5.427143096923828125e+01
6.938097381591796875e+01
2.121931076049804688e+01
-8.258083343505859375e+01
2.955953788757324219e+01
-7.570059967041015625e+01
-6.554962158203125000e+01
-1.493865871429443359e+01
5.190906524658203125e+01
6.107072448730468750e+01
-1.642862701416015625e+01
1.804750680923461914e+00
1.773572158813476562e+01
-3.078868675231933594e+01
-3.950965118408203125e+01
-5.759013175964355469e+00
4.949573516845703125e+00
-9.830195426940917969e+00
-9.701284408569335938e+00
-2.052709045410156250e+02
-6.961181163787841797e+00
-2.562925720214843750e+01
-1.910877227783203125e+01
-3.507571816444396973e-01
-6.408963775634765625e+01
-3.155015945434570312e+01
-1.895887565612792969e+01
2.708025360107421875e+01
-3.256945419311523438e+01
2.457099151611328125e+01
3.551041793823242188e+01
2.068567991256713867e+00
2.446006774902343750e+01
-8.937113189697265625e+01
-1.088606414794921875e+02
-3.995933914184570312e+01
-8.481128692626953125e+00
7.459136199951171875e+01
-2.038708648681640625e+02
-3.572926712036132812e+01
6.895226985216140747e-02
-2.809954833984375000e+01
-4.402452468872070312e+01
2.029594898223876953e+00
-3.664962768554687500e+01
5.794089126586914062e+01
-4.119148731231689453e+00
3.606503486633300781e+00
-8.609140014648437500e+01
-2.262233924865722656e+01
-5.983857727050781250e+01
-3.616996002197265625e+01
-6.021931457519531250e+01
1.006103515625000000e+01
-1.392985687255859375e+02
-8.432862091064453125e+01
-1.916872978210449219e+01
-4.572134780883789062e+01
-2.113836669921875000e+01
-5.431939697265625000e+01
-1.380214538574218750e+02
-3.038996315002441406e+01
-5.827066040039062500e+01
-7.863856506347656250e+01
-4.597917175292968750e+01
-8.658006286621093750e+01
-2.303905105590820312e+01
-1.983427047729492188e+01
-7.499008941650390625e+01
-7.668991088867187500e+01
-6.486909484863281250e+01
-2.249642753601074219e+01
3.373864364624023438e+01
1.160196900367736816e+00
-2.643869781494140625e+01
-6.092082595825195312e+01
-3.054885292053222656e+01
-2.753893737792968750e+02
-1.576908397674560547e+01
-8.541087150573730469e+00
-3.755500411987304688e+01
-4.986148452758789062e+01
-6.524983215332031250e+01
-6.188915634155273438e+01
-9.818202972412109375e+00
-2.744899749755859375e+01
4.379967880249023438e+01
-5.160927200317382812e+01
-1.521146965026855469e+01
-7.329926013946533203e+00
-4.564939880371093750e+01
-4.852141189575195312e+01
-5.300030899047851562e+01
1.299900150299072266e+01
-9.239904022216796875e+01
-4.143132019042968750e+01
-8.460143089294433594e+00
6.991160392761230469e+00
-3.759997177124023438e+01
-5.933792495727539062e+01
-1.047594833374023438e+02
-6.257867813110351562e+01
-6.552864074707031250e+01
-5.561150360107421875e+01
-1.561019420623779297e+01
-2.031993293762207031e+01
-4.737919998168945312e+01
-5.991952133178710938e+01
-7.189023590087890625e+01
-3.581021118164062500e+01
-4.551149368286132812e+01
-2.786870765686035156e+01
-2.788969421386718750e+01
-3.688047027587890625e+01
-2.677146720886230469e+01
-1.096400985717773438e+02
-1.826305694580078125e+02
1.057967662811279297e+01
-5.896018600463867188e+01
3.881113433837890625e+01
-1.873103332519531250e+01
-4.431232452392578125e+01
2.317995452880859375e+01
-2.333884429931640625e+01
-6.700961303710937500e+01
1.504058837890625000e+01
3.634983825683593750e+01
-5.606119036674499512e-01
-4.883019638061523438e+01
1.012998771667480469e+01
-4.824860000610351562e+01
-7.609032440185546875e+01
-1.708817034959793091e-01
-3.084264945983886719e+01
-4.865332031250000000e+01
-5.216988372802734375e+01
-6.358598232269287109e+00
5.869936466217041016e+00
1.275916767120361328e+01
-3.446114349365234375e+01
-6.536975097656250000e+01
-7.518795013427734375e+00
2.046982955932617188e+01
-3.699439048767089844e+00
-2.571020126342773438e+01
-4.332001113891601562e+01
-7.132062530517578125e+01
-8.181036376953125000e+01
-4.572134780883789062e+01
-4.900107955932617188e+01
-1.417119026184082031e+01
-3.120839595794677734e+00
7.043024444580078125e+01
2.466092872619628906e+01
8.139365196228027344e+00
-4.993943023681640625e+01
-5.991352462768554688e+01
-3.852932739257812500e+01
-2.932869720458984375e+01
2.080559730529785156e+00
-3.078868675231933594e+01
-3.608901596069335938e+01
-2.102144813537597656e+01
3.102852058410644531e+01
-4.904005050659179688e+01
-1.050292968750000000e+02
1.370051574707031250e+01
-6.901222705841064453e+00
1.933061790466308594e+01
-1.419817161560058594e+01
5.030517578125000000e+00
-3.047990036010742188e+01
3.917088317871093750e+01
3.045891571044921875e+01
5.636098480224609375e+01
-6.295042419433593750e+01
-6.560058593750000000e+01
1.472880363464355469e+01
-6.516888427734375000e+01
2.142017173767089844e+01
-4.919594287872314453e+00
2.600100135803222656e+01
-8.565969848632812500e+01
-1.692928123474121094e+01
-5.621109008789062500e+00
-4.337997055053710938e+01
1.966938400268554688e+01
1.668944740295410156e+01
-7.431855010986328125e+01
2.219963264465332031e+01
2.612091827392578125e+01
-2.079060745239257812e+01
-9.440464973449707031e+00
-3.242855072021484375e+01
-2.266131210327148438e+01
-3.997132873535156250e+01
3.066876983642578125e+01
-2.651964187622070312e+01
2.309901046752929688e+01
4.805073547363281250e+01
7.494812011718750000e-01
-2.182489156723022461e+00
-6.966876983642578125e+01
-3.030901908874511719e+00
