-9.761242866516113281e+00
-1.174886703491210938e+01
1.181691970825195312e+02
2.029594898223876953e+00
-1.748989295959472656e+01
-4.558943939208984375e+01
-2.611192464828491211e+00
-7.140457153320312500e+01
-6.439542388916015625e+01
-3.706933975219726562e+01
-2.620186090469360352e+00
-4.093965911865234375e+01
-8.241294860839843750e+00
-9.149665832519531250e+00
1.871004867553710938e+01
-4.808971023559570312e+01
-5.029018783569335938e+01
-6.282151031494140625e+01
-1.313990402221679688e+01
3.495880126953125000e+01
2.488877105712890625e+01
3.482988739013671875e+01
7.380890369415283203e+00
3.700038528442382812e+01
7.757430267333984375e+01
1.662049484252929688e+01
-6.685371994972229004e-01
2.192082595825195312e+01
-9.689292907714843750e+00
1.323883533477783203e+01
-4.140133857727050781e+00
-1.132915782928466797e+01
3.637082290649414062e+01
-3.468598842620849609e+00
-1.821389160156250000e+02
-1.384441661834716797e+01
2.413029670715332031e+01
7.620724678039550781e+00
8.398086547851562500e+01
-1.796056747436523438e+01
5.018526077270507812e+00
4.757706451416015625e+01
-4.845545578002929688e+01
4.997240829467773438e+01
-1.244138717651367188e+01
-5.860942840576171875e+01
-5.764109802246093750e+01
4.100861358642578125e+01
4.305619430541992188e+01
-7.009148120880126953e+00
-2.739503669738769531e+01
-2.207072067260742188e+01
-4.921393203735351562e+01
7.389884471893310547e+00
1.168890857696533203e+01
-4.873126602172851562e+01
-1.238142871856689453e+01
5.592328643798828125e+01
1.669844031333923340e+00
-9.740257263183593750e+00
-1.363995819091796875e+02
2.848028373718261719e+01
-9.230609893798828125e+00
-3.658067703247070312e+01
5.943985366821289062e+01
-1.160196900367736816e+00
1.207264232635498047e+01
3.318702697753906250e+00
9.017757415771484375e+00
5.648089885711669922e+00
-2.487078285217285156e+01
-2.428019142150878906e+01
-3.774087524414062500e+01
-6.784003448486328125e+01
-5.449028015136718750e+01
4.373072814941406250e+01
-1.668045234680175781e+01
-3.482089614868164062e+01
-1.361957168579101562e+01
3.917687988281250000e+01
4.170113372802734375e+01
-1.939957046508789062e+01
1.397032928466796875e+01
6.550465583801269531e+00
2.624083518981933594e+01
-1.317587852478027344e+01
3.395149612426757812e+01
-2.039488220214843750e+01
7.150050163269042969e+00
-5.764109802246093750e+01
-5.997948074340820312e+01
-9.929126739501953125e+00
2.216965293884277344e+01
-5.293135833740234375e+01
-7.159044265747070312e+00
5.591129779815673828e+00
6.418556690216064453e+00
-1.299000740051269531e+01
-2.993128013610839844e+01
-2.231055641174316406e+01
-4.080175399780273438e+00
4.258851623535156250e+01
-6.196110916137695312e+01
-1.713913536071777344e+01
-5.261058044433593750e+01
-1.561019420623779297e+01
-4.013021850585937500e+01
-2.526351165771484375e+01
3.098954772949218750e+01
1.086148071289062500e+01
-1.701921844482421875e+01
3.504873657226562500e+01
3.951264619827270508e+00
4.867130661010742188e+01
2.755992126464843750e+01
-2.734706878662109375e+01
2.647467231750488281e+01
-1.073856639862060547e+01
3.038996315002441406e+01
8.360012817382812500e+01
-1.661149978637695312e+01
3.382858276367187500e+01
5.471212387084960938e+00
-4.856038284301757812e+01
4.224975204467773438e+01
-5.429241657257080078e+00
3.673956680297851562e+01
3.303113555908203125e+01
1.721108627319335938e+01
3.662264633178710938e+01
1.906979942321777344e+01
-2.767384338378906250e+01
-5.317119216918945312e+01
-7.620724678039550781e+00
5.541363906860351562e+01
-1.168291282653808594e+01
-9.059728622436523438e+00
-4.131140136718750000e+01
3.094457817077636719e+01
-1.055689163208007812e+02
-4.886617362499237061e-01
2.102144813537597656e+01
-1.864109611511230469e+01
-1.862910461425781250e+01
2.815950584411621094e+01
1.591897964477539062e+01
-4.286132812500000000e+01
1.763978958129882812e+01
2.041586637496948242e+00
-1.035213394165039062e+02
6.747129058837890625e+01
4.816465759277343750e+01
-2.368060684204101562e+01
3.207779312133789062e+01
1.105934429168701172e+01
3.388854217529296875e+01
5.168122482299804688e+01
-6.209901046752929688e+01
-4.081074905395507812e+01
1.615881347656250000e+01
-3.934776306152343750e+01
-5.600123405456542969e+00
-5.359090042114257812e+01
6.220993423461914062e+01
-4.275939941406250000e+01
-5.446030044555664062e+01
2.270028495788574219e+01
-5.977861785888671875e+01
1.731001663208007812e+01
1.667145919799804688e+01
-8.092897796630859375e+01
-2.446306467056274414e+00
-4.874925231933593750e+01
-4.035506439208984375e+01
-1.901883506774902344e+01
-4.245960617065429688e+01
-5.920001983642578125e+01
-4.040003204345703125e+01
2.657959938049316406e+01
-4.398854827880859375e+01
-4.281935882568359375e+01
6.571450710296630859e+00
-1.588900089263916016e-01
5.558152198791503906e+00
-7.159943389892578125e+01
1.718110656738281250e+01
-7.051118850708007812e+00
-1.565486297607421875e+02
1.275916767120361328e+01
-3.415835571289062500e+01
5.968868255615234375e+00
-2.502967262268066406e+01
-3.507871627807617188e+01
1.453993511199951172e+01
-2.391144752502441406e+01
1.480075454711914062e+01
2.231055641174316406e+01
3.751003265380859375e+01
-1.379045367240905762e+00
4.672265625000000000e+01
-2.726912307739257812e+01
-1.489968585968017578e+01
2.339880180358886719e+01
6.292643737792968750e+01
-4.221077919006347656e+00
-5.448128509521484375e+01
-1.592197799682617188e+01
7.210009098052978516e+00
2.098547294735908508e-02
-2.162103271484375000e+01
-1.435106563568115234e+01
-3.756099700927734375e+01
-2.598900985717773438e+01
-6.196110916137695312e+01
4.101161003112792969e+00
-2.634876060485839844e+01
3.065977668762207031e+01
-1.915973663330078125e+01
5.869936466217041016e+00
-9.329541206359863281e+00
1.677938461303710938e+01
-1.109232157468795776e-01
-5.981159591674804688e+01
-1.001306891441345215e+00
-2.220263099670410156e+01
-2.050880241394042969e+01
-3.965055084228515625e+01
-2.026896858215332031e+01
-5.994050598144531250e+01
-6.019832611083984375e+00
-1.418018341064453125e+01
-3.772888183593750000e+01
1.619778633117675781e+01
-5.854946899414062500e+01
-6.679376125335693359e+00
-1.381593627929687500e+02
1.287009048461914062e+01
-3.547144317626953125e+01
-2.228956985473632812e+01
-7.011846160888671875e+01
-7.624021911621093750e+01
-3.864624786376953125e+01
-2.752094841003417969e+01
-9.119387054443359375e+01
-4.617103958129882812e+01
1.379045367240905762e+00
-3.165808439254760742e+00
3.053086471557617188e+01
7.686079406738281250e+01
-1.891090965270996094e+01
-1.838027572631835938e+01
-2.577915382385253906e+01
-1.076404876708984375e+02
-3.427527236938476562e+01
1.814943695068359375e+01
-8.061419486999511719e+00
2.481981849670410156e+01
-3.372065734863281250e+01
-1.921070098876953125e+01
2.151910400390625000e+01
-4.603913116455078125e+01
-1.305895996093750000e+01
-8.655908203125000000e+01
-8.363010406494140625e+01
-3.139126968383789062e+01
-3.226966094970703125e+01
-9.893151372671127319e-02
-4.835952377319335938e+01
-1.514401702880859375e+02
-3.420032501220703125e+01
-5.323115158081054688e+01
-3.050088500976562500e+01
-1.418018341064453125e+01
8.969790458679199219e+00
-5.788093185424804688e+01
-8.514106273651123047e-01
-5.058098602294921875e+01
2.098547220230102539e+00
-6.803790283203125000e+01
-4.188100814819335938e+01
-1.551126194000244141e+01
-1.218956184387207031e+01
-7.472027587890625000e+01
-2.349773406982421875e+01
-1.384141826629638672e+01
-2.597102165222167969e+01
-1.125121116638183594e+01
2.701130104064941406e+01
-2.803958892822265625e+01
9.468945312500000000e+01
-1.931562805175781250e+01
-3.212875747680664062e+01
-6.614021301269531250e+01
1.402129364013671875e+01
2.752094841003417969e+01
-1.602091026306152344e+01
3.507571816444396973e-01
-7.558967590332031250e+01
-7.090091705322265625e+00
4.367076873779296875e+01
3.741110229492187500e+01
-3.685948562622070312e+01
-3.635882949829101562e+01
6.901222705841064453e+00
-3.416135025024414062e+01
-2.368060684204101562e+01
-1.918072128295898438e+01
-5.058098602294921875e+01
2.264932060241699219e+01
2.446906089782714844e+01
-6.921009063720703125e+01
-1.757983016967773438e+01
-4.298124694824218750e+01
-7.635114288330078125e+01
2.031993293762207031e+01
-4.070282363891601562e+01
-1.695925903320312500e+01
-5.720040321350097656e+00
7.490614318847656250e+01
7.100884246826171875e+01
5.720040321350097656e+00
-1.699823260307312012e+00
-7.716957855224609375e+01
2.443908119201660156e+01
-7.989469528198242188e+00
3.563033676147460938e+01
-9.236905670166015625e+01
-8.619033813476562500e+00
6.857153320312500000e+01
4.707041549682617188e+01
3.104051208496093750e+01
7.521792888641357422e+00
1.358059883117675781e+01
-4.131140232086181641e+00
-9.084911346435546875e+01
-2.323991203308105469e+01
-9.548090362548828125e+01
-1.620977783203125000e+01
-2.678945541381835938e+01
-3.158013916015625000e+01
-6.524383544921875000e+01
9.464447975158691406e+00
-2.464893722534179688e+01
6.250073242187500000e+01
-2.991029548645019531e+01
-5.833061981201171875e+01
6.019832611083984375e+00
1.179083824157714844e+01
6.346007156372070312e+01
4.400953292846679688e+00
-4.358982563018798828e+00
-6.772611999511718750e+01
4.569137191772460938e+01
-2.869014024734497070e+00
-1.352963447570800781e+01
2.055077362060546875e+01
7.224998474121093750e+00
-1.268122100830078125e+01
1.536136627197265625e+01
2.056576347351074219e+01
1.521146965026855469e+01
-5.878930091857910156e+00
2.860020065307617188e+01
5.410954284667968750e+01
7.599739074707031250e+00
5.476009368896484375e+01
3.340887451171875000e+01
1.736997604370117188e+01
-1.630871009826660156e+01
4.698947143554687500e+01
-1.487870025634765625e+01
-2.961050224304199219e+01
-3.286025238037109375e+01
-2.338081550598144531e+01
1.501960277557373047e+01
3.706933975219726562e+01
-3.026704788208007812e+01
9.920132637023925781e+00
4.453117370605468750e+01
1.752886581420898438e+01
9.794219970703125000e+00
6.185018539428710938e+01
5.253863143920898438e+01
5.100069427490234375e+01
5.170820617675781250e+01
-1.462087917327880859e+01
3.012014961242675781e+01
4.397056198120117188e+01
3.233861541748046875e+01
5.958075714111328125e+01
5.199900436401367188e+01
-2.401037788391113281e+01
-3.569928741455078125e+01
3.918887329101562500e+01
-3.484787750244140625e+01
1.537095947265625000e+02
-2.964947462081909180e+00
7.272965431213378906e+00
-5.141440868377685547e+00
-5.893919944763183594e+00
-6.551065063476562500e+01
-1.868906211853027344e+01
1.835029792785644531e+01
-2.506864547729492188e+01
-2.845929908752441406e+01
-2.955953788757324219e+01
-4.867130661010742188e+01
-2.884003639221191406e+01
-5.657083988189697266e+00
-2.398939323425292969e+01
-9.001868438720703125e+01
-1.109531879425048828e+01
4.611108016967773438e+01
-3.027903938293457031e+01
-1.455492401123046875e+01
3.396049118041992188e+01
-3.989038467407226562e+01
1.990622043609619141e+00
1.248036003112792969e+01
-2.037989234924316406e+01
-1.064862823486328125e+01
-6.439542293548583984e+00
-6.136452102661132812e+01
2.394142723083496094e+01
5.099469661712646484e+00
3.845138168334960938e+01
-9.248598098754882812e+00
-3.888908004760742188e+01
-5.512883758544921875e+01
4.129941177368164062e+01
1.322684383392333984e+01
1.421016335487365723e+00
1.010000801086425781e+01
1.960642695426940918e+00
3.983942031860351562e+01
1.683934211730957031e+01
-2.624982833862304688e+01
-1.456991386413574219e+01
-9.280075836181640625e+01
6.751026916503906250e+01
2.541940307617187500e+01
5.365085983276367188e+01
-7.129064941406250000e+01
-1.153001880645751953e+01
-4.125743865966796875e+01
-4.499884796142578125e+01
2.556929969787597656e+01
4.233069610595703125e+01
2.702928924560546875e+01
2.645068931579589844e+01
-1.543031883239746094e+01
6.103174972534179688e+01
-4.886617362499237061e-01
4.444123458862304688e+01
6.451533794403076172e+00
-2.001714324951171875e+01
-7.699869537353515625e+01
-2.260135459899902344e+01
9.149665832519531250e+00
-4.382965850830078125e+01
4.108955764770507812e+01
-3.745007705688476562e+01
6.850257873535156250e+00
-1.528941631317138672e+01
-2.443908119201660156e+01
-3.908094787597656250e+01
1.015996646881103516e+01
-2.755992126464843750e+01
-4.424037551879882812e+01
-6.610424041748046875e+00
1.670143890380859375e+01
9.431470870971679688e+00
-1.778968429565429688e+01
-4.880621433258056641e+00
-1.811046218872070312e+01
1.639864802360534668e+00
5.217887878417968750e+01
7.320931911468505859e+00
5.186409950256347656e-01
3.489884185791015625e+01
7.334123229980468750e+01
-8.768929481506347656e+00
7.802098846435546875e+01
8.676893615722656250e+01
1.591598205566406250e+02
6.643101501464843750e+01
2.568321990966796875e+01
-7.210009098052978516e+00
-3.116042900085449219e+01
3.018910217285156250e+01
-1.951948738098144531e+01
2.335683059692382812e+01
4.706741869449615479e-01
-6.085786819458007812e-01
1.322084808349609375e+01
-3.989937973022460938e+01
-2.723914337158203125e+01
-2.907986938953399658e-01
-5.411853790283203125e+01
1.644961357116699219e+01
-6.352002716064453125e+01
1.725005912780761719e+01
1.235144996643066406e+01
-8.541387176513671875e+01
-3.825052261352539062e+01
-6.101976013183593750e+01
2.488277435302734375e+01
-6.899124145507812500e+01
1.141010093688964844e+01
-3.017111396789550781e+01
-7.373995208740234375e+01
-2.693035697937011719e+01
1.250134587287902832e+00
-1.510953998565673828e+01
-7.764025115966796875e+01
-1.531040096282958984e+01
-8.367207527160644531e+00
-4.659074783325195312e+01
2.741002464294433594e+01
2.666054344177246094e+01
-8.798909187316894531e+00
-2.058974647521972656e+01
1.727104377746582031e+01
5.445130538940429688e+01
1.310992431640625000e+01
7.490015411376953125e+01
-2.020901107788085938e+01
-1.042078590393066406e+01
-5.540164947509765625e+00
3.569628906250000000e+01
-7.030133247375488281e+00
-1.874902153015136719e+01
-1.739995574951171875e+01
5.520678329467773438e+01
1.653955078125000000e+01
-2.330286788940429688e+01
4.343093490600585938e+01
3.571127700805664062e+01
1.100238323211669922e+00
3.802867507934570312e+01
-5.880728912353515625e+01
-3.187993049621582031e+01
-9.077116394042968750e+01
1.713014221191406250e+01
-3.245853042602539062e+01
6.118764400482177734e+00
8.273972320556640625e+01
9.911139488220214844e+00
-4.418941020965576172e+00
5.711046695709228516e+00
-7.856061553955078125e+01
7.733446502685546875e+01
1.597893905639648438e+01
1.805799865722656250e+02
4.880621433258056641e+00
1.369392089843750000e+02
9.971097946166992188e+00
-2.086855316162109375e+01
1.694127273559570312e+01
-2.098547220230102539e-01
-2.494872856140136719e+01
-1.715112686157226562e+01
3.047990036010742188e+01
1.585002803802490234e+01
3.790875625610351562e+01
-4.525967025756835938e+01
3.842739868164062500e+01
4.379068756103515625e+01
4.206388092041015625e+01
2.288615798950195312e+01
2.838135337829589844e+01
-2.025098037719726562e+01
8.427165985107421875e+00
-3.270735740661621094e+00
-1.352064013481140137e+00
1.501960277557373047e+01
-3.924283504486083984e+00
-2.650165319442749023e+00
3.127135276794433594e+01
5.828865051269531250e+01
2.910085487365722656e+01
3.227865600585937500e+01
-6.490507125854492188e+00
1.290007019042968750e+01
-5.239772796630859375e+01
6.462625885009765625e+01
3.268936920166015625e+01
5.459220886230468750e+00
2.887900924682617188e+01
2.702029609680175781e+01
-2.038588714599609375e+01
-1.978630304336547852e+00
4.022915267944335938e+01
2.792866706848144531e+01
2.690937232971191406e+01
2.136021423339843750e+01
4.451918029785156250e+01
2.702928924560546875e+01
3.000922584533691406e+01
2.619886398315429688e+01
2.949957847595214844e+01
-1.910877227783203125e+01
-5.238873291015625000e+01
-7.641709804534912109e+00
1.810146903991699219e+01
2.550034713745117188e+01
-5.768007278442382812e+01
-5.747021484375000000e+01
-5.583035278320312500e+01
3.000023269653320312e+01
-9.053132629394531250e+01
-4.019017791748046875e+01
4.209086418151855469e+00
3.420632123947143555e+00
6.388577461242675781e+00
3.030901908874511719e+01
3.086063766479492188e+01
-3.288723468780517578e+00
9.023753166198730469e+00
-1.910877227783203125e+01
8.667000579833984375e+01
7.940902709960937500e+01
4.734022903442382812e+01
-2.193881225585937500e+01
6.464424896240234375e+01
-5.112061309814453125e+01
4.755907821655273438e+01
5.353993606567382812e+01
-2.753893661499023438e+01
3.989038467407226562e+01
1.981028556823730469e+01
-1.052511367797851562e+02
2.380951881408691406e+01
6.595434546470642090e-01
4.360181808471679688e+01
-7.716957855224609375e+01
-8.493120574951171875e+01
6.128957366943359375e+01
-3.626889419555664062e+01
2.767084503173828125e+01
1.280113816261291504e+00
6.742032623291015625e+01
-1.733100318908691406e+01
3.417934036254882812e+01
-1.301099300384521484e+01
1.266023635864257812e+01
1.792758941650390625e+01
5.032016754150390625e+01
-5.825867080688476562e+01
6.834069061279296875e+01
3.036897659301757812e+01
-6.374487304687500000e+01
-4.498985671997070312e+01
-3.936874771118164062e+01
6.535475850105285645e-01
-5.535068511962890625e+01
1.648858642578125000e+01
2.145015144348144531e+01
-4.528065490722656250e+01
1.257029819488525391e+01
4.400953292846679688e+00
-5.401960372924804688e+01
1.329279804229736328e+01
-2.797963142395019531e+01
8.250288963317871094e+00
2.636974525451660156e+01
8.285064697265625000e+01
1.620078468322753906e+01
-1.126020526885986328e+01
7.838973236083984375e+01
-3.184095764160156250e+01
1.891090965270996094e+01
-2.439111518859863281e+01
-9.277976989746093750e+01
5.164225006103515625e+01
3.294719219207763672e+00
-2.311399936676025391e+00
-1.831432151794433594e+01
1.296902179718017578e+01
4.879122543334960938e+01
-4.125144195556640625e+01
-2.821047210693359375e+01
6.775009918212890625e+01
-1.289107650518417358e-01
-1.933061790466308594e+01
1.235144972801208496e+00
-7.308041381835937500e+01
-1.959443664550781250e+01
1.265124225616455078e+01
1.450995564460754395e+00
5.579137802124023438e+01
3.876316547393798828e+00
-1.197610931396484375e+02
-1.498962306976318359e+01
6.543869781494140625e+01
4.257052993774414062e+01
2.338081550598144531e+01
-7.546076202392578125e+01
2.325490188598632812e+01
1.209063053131103516e+01
-5.027519702911376953e+00
-3.208978652954101562e+01
-6.670682525634765625e+01
-2.670851135253906250e+01
1.245038127899169922e+01
-2.686140441894531250e+01
2.812053298950195312e+01
1.897986030578613281e+01
-9.836191177368164062e+00
-9.518410682678222656e+00
2.875009727478027344e+01
3.292021179199218750e+01
-6.977069854736328125e+01
-3.668860244750976562e+01
-5.938589096069335938e+01
-2.569221496582031250e+00
6.405965423583984375e+01
2.875909233093261719e+01
-1.609885573387145996e+00
-3.128034591674804688e+01
4.867130661010742188e+01
8.047928619384765625e+01
-2.062871932983398438e+01
4.116150379180908203e+00
5.216988372802734375e+01
6.977069854736328125e+01
-8.211316108703613281e+00
-5.356092071533203125e+01
1.196771526336669922e+01
-3.339688110351562500e+01
4.562841415405273438e+00
-1.674041175842285156e+01
7.135060787200927734e+00
-1.110731124877929688e+01
1.451295375823974609e+01
2.608794021606445312e+01
4.660873413085937500e+01
4.116150665283203125e+01
4.094865417480468750e+01
1.361957168579101562e+01
4.319110107421875000e+01
2.431916427612304688e+01
4.957967758178710938e+01
7.539780616760253906e+00
4.880921173095703125e+01
-2.237950706481933594e+01
-7.210009002685546875e+01
-2.348873901367187500e+01
-9.167053985595703125e+01
4.590122604370117188e+01
-4.628795623779296875e+00
4.107156693935394287e-01
-1.260027790069580078e+01
-4.945076751708984375e+01
-2.371358394622802734e+00
2.323991203308105469e+01
4.433031082153320312e+01
3.119040870666503906e+01
2.860020065307617188e+01
3.542047882080078125e+01
-2.368060684204101562e+01
3.444615554809570312e+01
7.630017852783203125e+01
-2.206172752380371094e+01
-4.919594287872314453e+00
1.528941631317138672e+00
-5.846852493286132812e+01
1.161995601654052734e+01
-2.020601272583007812e+00
-3.206880187988281250e+01
1.262725925445556641e+01
-3.265039825439453125e+01
1.171888732910156250e+01
2.425021362304687500e+01
-7.213906097412109375e+01
-7.668691158294677734e+00
-8.195127105712890625e+01
-2.633976554870605469e+01
-8.065916442871093750e+01
-5.780898284912109375e+01
1.498962402343750000e+00
-7.115873718261718750e+01
-9.503421187400817871e-01
1.712114715576171875e+01
-1.597893905639648438e+01
-5.959874153137207031e+00
3.837043762207031250e+01
2.916980743408203125e+01
5.427143096923828125e+01
9.277976989746093750e+01
3.813959884643554688e+01
-3.749204635620117188e+01
-2.073064994812011719e+01
-3.599908065795898438e+01
-8.116281127929687500e+01
-1.196171951293945312e+01
6.109770298004150391e+00
-7.987071228027343750e+01
-1.736997604370117188e+01
8.969790458679199219e+00
-1.588000679016113281e+01
-2.389345884323120117e+00
3.825052261352539062e+01
3.963556289672851562e+01
4.350588226318359375e+01
-1.239941692352294922e+01
-3.911991882324218750e+01
3.804965972900390625e+01
7.964886474609375000e+01
4.799977111816406250e+01
1.216887588500976562e+02
-1.644061851501464844e+01
3.578922653198242188e+01
1.084948921203613281e+01
3.429026412963867188e+01
-9.149665832519531250e+00
9.187439727783203125e+01
3.771089553833007812e+01
2.805757713317871094e+01
1.611084747314453125e+01
9.456953430175781250e+01
-2.209770202636718750e+01
-4.044500350952148438e+01
-6.841264247894287109e+00
3.831947326660156250e+01
1.015397071838378906e+01
3.971950531005859375e+01
4.706741869449615479e-01
2.785971450805664062e+01
7.239988327026367188e+00
-2.487078285217285156e+01
3.932078170776367188e+01
4.045099639892578125e+01
-3.552540779113769531e+00
1.436005878448486328e+01
9.590061187744140625e+01
-1.122123241424560547e+01
1.708817034959793091e-01
4.072080993652343750e+01
-4.499885082244873047e+00
2.606995391845703125e+01
-5.860942840576171875e+00
-2.392943572998046875e+01
1.498962402343750000e+00
-3.453009796142578125e+01
-2.089853286743164062e+01
2.037989234924316406e+01
-2.410931015014648438e+01
5.908909320831298828e+00
-1.337074375152587891e+01
6.541471481323242188e+00
4.052894210815429688e+01
-9.522008514404296875e+01
1.235144996643066406e+01
2.078461265563964844e+01
-2.788069915771484375e+01
1.537035942077636719e+01
-2.743101119995117188e+01
-2.341079330444335938e+01
-3.858928680419921875e+01
-5.866938781738281250e+01
9.751049804687500000e+01
-3.435021972656250000e+01
1.324183368682861328e+01
3.402045059204101562e+01
4.910600662231445312e+00
-3.300115585327148438e+01
-1.284011173248291016e+01
-7.164140319824218750e+01
1.797855377197265625e+01
4.311015605926513672e+00
-8.514106273651123047e-01
-4.247759628295898438e+01
-3.786978530883789062e+01
5.249366283416748047e+00
-2.020901107788085938e+01
-3.035099029541015625e+01
2.526081390380859375e+02
7.492113494873046875e+01
5.717042446136474609e+00
-1.326881504058837891e+01
2.485879135131835938e+01
-2.641171693801879883e+00
-1.666246604919433594e+01
2.123130226135253906e+01
4.364978408813476562e+01
-2.424121856689453125e+01
-1.957944679260253906e+01
-2.025098037719726562e+01
-2.717918586730957031e+01
5.201399326324462891e+00
-3.503974533081054688e+01
-7.920516967773437500e+00
-4.457014465332031250e+01
-1.248935413360595703e+01
2.789868736267089844e+01
2.371957969665527344e+01
-1.090944766998291016e+01
-9.317549705505371094e+00
4.016919326782226562e+01
5.427143096923828125e+01
6.938097381591796875e+01
-9.241102600097656250e+01
4.496887207031250000e+00
2.272127151489257812e+01
2.121931076049804688e+01
-1.314110260009765625e+02
3.482089614868164062e+01
6.134053802490234375e+01
2.603097915649414062e+01
1.900984001159667969e+01
-8.258083343505859375e+01
-3.590014648437500000e+01
-3.090860366821289062e+00
-1.505857563018798828e+01
9.761242866516113281e+00
2.142017173767089844e+01
2.955953788757324219e+01
2.881904983520507812e+01
3.112145614624023438e+01
-3.947067642211914062e+01
-7.570059967041015625e+01
-6.554962158203125000e+01
2.511061668395996094e+01
6.349004745483398438e+01
2.091951751708984375e+01
-1.493865871429443359e+01
5.190906524658203125e+01
6.107072448730468750e+01
2.847129058837890625e+01
-1.642862701416015625e+01
1.674940490722656250e+01
-8.280267715454101562e+00
-4.751111221313476562e+01
1.804750680923461914e+00
-3.943470001220703125e+01
-1.364355564117431641e+01
-1.582004833221435547e+01
-5.120455265045166016e+00
1.773572158813476562e+01
-3.078868675231933594e+01
-1.948950767517089844e+01
-3.950965118408203125e+01
-4.730725288391113281e+00
-2.758990097045898438e+01
-5.759013175964355469e+00
4.949573516845703125e+00
-3.479991149902343750e+01
-9.830195426940917969e+00
-9.701284408569335938e+00
-2.052709045410156250e+02
-1.123921966552734375e+01
-6.961181163787841797e+00
-1.450995540618896484e+01
-8.529095649719238281e+00
-2.562925720214843750e+01
-1.910877227783203125e+01
-1.909977912902832031e+01
-2.458897781372070312e+01
-9.020755767822265625e+00
-2.541940307617187500e+01
-5.065893173217773438e+01
-3.507571816444396973e-01
3.090860366821289062e+00
-1.542732048034667969e+01
5.666976928710937500e+01
-6.408963775634765625e+01
-3.063879013061523438e+01
-3.155015945434570312e+01
-1.895887565612792969e+01
-3.947067642211914062e+01
5.131547546386718750e+01
-2.612091827392578125e+01
2.708025360107421875e+01
-3.256945419311523438e+01
2.457099151611328125e+01
-4.606011581420898438e+01
3.551041793823242188e+01
2.068567991256713867e+00
2.446006774902343750e+01
2.496971511840820312e+01
-3.879914093017578125e+01
-2.872911262512207031e+01
-8.937113189697265625e+01
-1.088606414794921875e+02
-1.190985565185546875e+02
-3.030901908874511719e+00
-4.802975082397460938e+01
-2.150111579895019531e+01
7.419863700866699219e+00
6.021031951904296875e+01
-4.003128814697265625e+01
-3.995933914184570312e+01
-8.481128692626953125e+00
-6.349604606628417969e+00
7.459136199951171875e+01
2.311100196838378906e+01
-5.621109008789062500e+00
-2.038708648681640625e+02
-3.572926712036132812e+01
4.320009613037109375e+01
6.895226985216140747e-02
-3.159812688827514648e+00
-2.806956863403320312e+01
-3.354078292846679688e+01
-1.506157398223876953e+01
-6.446138000488281250e+01
-2.809954833984375000e+01
-4.402452468872070312e+01
2.029594898223876953e+00
-3.664962768554687500e+01
5.794089126586914062e+01
-6.592136383056640625e+01
-2.877108383178710938e+01
-4.119148731231689453e+00
1.151203036308288574e+00
3.606503486633300781e+00
-1.737896919250488281e+01
-2.866016006469726562e+01
2.535944557189941406e+01
4.119148731231689453e+00
2.865116691589355469e+01
2.928073120117187500e+01
-5.300330638885498047e+00
-6.009040069580078125e+01
1.838927078247070312e+01
-1.253132534027099609e+01
-8.609140014648437500e+01
-2.262233924865722656e+01
-5.983857727050781250e+01
1.540933251380920410e+00
-3.914090347290039062e+01
-3.658067703247070312e+01
-3.616996002197265625e+01
2.919978713989257812e+01
-3.547144317626953125e+01
-4.311015605926513672e+00
-4.966062164306640625e+01
-6.021931457519531250e+01
-3.522861480712890625e+01
1.006103515625000000e+01
-1.392985687255859375e+02
-1.829693450927734375e+02
-8.432862091064453125e+01
-1.916872978210449219e+01
-2.321892738342285156e+01
-4.572134780883789062e+01
-5.540164947509765625e+00
-2.113836669921875000e+01
-3.087862432003021240e-01
-1.447997665405273438e+01
-5.874133682250976562e+01
-5.431939697265625000e+01
-1.380214538574218750e+02
-3.019509696960449219e+01
-3.038996315002441406e+01
-1.682045593261718750e+02
2.269428968429565430e+00
-5.124052810668945312e+01
-3.215873718261718750e+01
-5.827066040039062500e+01
-5.979960250854492188e+01
-3.160112380981445312e+01
-2.764985847473144531e+01
-6.167030715942382812e+01
-4.495088195800781250e+01
6.448535919189453125e+00
1.502859687805175781e+01
-3.149919509887695312e+01
-7.863856506347656250e+01
-3.238058471679687500e+01
-4.597917175292968750e+01
-1.323493804931640625e+02
-8.658006286621093750e+01
3.801368474960327148e+00
2.997924804687500000e+00
3.762995147705078125e+01
-2.303905105590820312e+01
-4.049896621704101562e+01
-1.983427047729492188e+01
-7.499008941650390625e+01
-7.668991088867187500e+01
-2.221462249755859375e+01
-2.035890579223632812e+01
-7.574856567382812500e+01
-2.105142784118652344e+01
-6.486909484863281250e+01
-6.575048065185546875e+01
-2.249642753601074219e+01
-9.355023956298828125e+01
1.948950767517089844e+01
3.373864364624023438e+01
-5.878930091857910156e+00
-6.010838985443115234e+00
1.160196900367736816e+00
-2.643869781494140625e+01
-4.859635829925537109e+00
1.762779808044433594e+01
-1.075055789947509766e+01
-4.719033432006835938e+01
-1.191405258178710938e+02
3.210777282714843750e+00
-6.092082595825195312e+01
-8.043432235717773438e+00
-3.054885292053222656e+01
-2.753893737792968750e+02
-2.007110595703125000e+01
-1.376946830749511719e+01
-1.576908397674560547e+01
-8.541087150573730469e+00
-3.755500411987304688e+01
-4.986148452758789062e+01
-6.524983215332031250e+01
-3.786978530883789062e+01
-6.188915634155273438e+01
-9.818202972412109375e+00
-6.441940307617187500e+01
4.644984436035156250e+01
-2.410931015014648438e+01
-7.278961181640625000e+00
-2.744899749755859375e+01
4.019917297363281250e+01
3.966854095458984375e+01
4.379967880249023438e+01
-5.160927200317382812e+01
-1.521146965026855469e+01
-7.329926013946533203e+00
-1.740894889831542969e+01
2.497570991516113281e+01
-4.564939880371093750e+01
-4.852141189575195312e+01
-1.853916549682617188e+01
3.333392333984375000e+01
-5.300030899047851562e+01
-5.185210418701171875e+01
1.299900150299072266e+01
2.037089920043945312e+01
-3.763894271850585938e+01
-9.239904022216796875e+01
-5.488000869750976562e+01
-1.204865932464599609e+01
-4.926489639282226562e+01
1.001906394958496094e+01
-7.518795013427734375e+00
3.951864242553710938e+01
-4.143132019042968750e+01
-3.745007705688476562e+01
3.210777282714843750e+00
-8.460143089294433594e+00
-2.884902954101562500e+01
-3.108847856521606445e+00
-1.790960121154785156e+01
6.991160392761230469e+00
-3.759997177124023438e+01
-2.034091949462890625e+01
-2.226858520507812500e+01
9.959105491638183594e+00
-3.242555236816406250e+01
-3.264739990234375000e+00
-5.933792495727539062e+01
-1.047594833374023438e+02
-3.280029296875000000e+01
-3.644876861572265625e+01
-1.086987533569335938e+02
-8.121377944946289062e+00
-6.257867813110351562e+01
-2.777877044677734375e+01
-6.552864074707031250e+01
-2.010108566284179688e+01
-4.988546848297119141e+00
-5.561150360107421875e+01
-1.561019420623779297e+01
-2.031993293762207031e+01
-4.737919998168945312e+01
9.179645538330078125e+00
-7.230994224548339844e+00
1.411123180389404297e+01
-5.991952133178710938e+01
-7.189023590087890625e+01
-3.581021118164062500e+01
9.209624290466308594e+00
-4.551149368286132812e+01
-2.786870765686035156e+01
-2.788969421386718750e+01
-3.688047027587890625e+01
1.977131271362304688e+01
-2.677146720886230469e+01
-2.619886398315429688e+01
-5.038012313842773438e+01
-3.086963081359863281e+01
-4.670766830444335938e+00
-6.021931457519531250e+01
-1.778968429565429688e+01
-4.594019699096679688e+01
4.958567619323730469e+00
-7.722953796386718750e+01
-6.263863754272460938e+01
-2.222061729431152344e+01
8.990776062011718750e+00
2.323091888427734375e+01
-1.549027729034423828e+01
-1.096400985717773438e+02
-1.826305694580078125e+02
1.057967662811279297e+01
1.200968647003173828e+01
-5.896018600463867188e+01
3.131032562255859375e+01
3.881113433837890625e+01
-1.873103332519531250e+01
-8.830986785888671875e+01
2.762887382507324219e+01
-5.833061981201171875e+01
-4.431232452392578125e+01
2.317995452880859375e+01
-3.690145492553710938e+01
-3.089961051940917969e+01
-2.333884429931640625e+01
-6.700961303710937500e+01
2.717019081115722656e+01
-1.747790145874023438e+01
1.504058837890625000e+01
-4.589822769165039062e+00
5.189407825469970703e+00
-4.147928619384765625e+01
1.760081672668457031e+01
3.634983825683593750e+01
-2.252011108398437500e+02
-5.606119036674499512e-01
9.077715873718261719e+00
9.569375991821289062e+00
-4.883019638061523438e+01
1.012998771667480469e+01
-4.824860000610351562e+01
-7.609032440185546875e+01
-2.240049362182617188e+01
-9.779230117797851562e+00
-1.651856422424316406e+01
-4.219878768920898438e+01
1.325982093811035156e+01
8.427165985107421875e+00
-1.708817034959793091e-01
-1.588000679016113281e+01
-6.778907012939453125e+01
-1.418018341064453125e+01
3.121139335632324219e+01
-4.304120635986328125e+01
-5.104866027832031250e+01
-1.826935386657714844e+01
-3.084264945983886719e+01
-4.865332031250000000e+01
-5.216988372802734375e+01
-6.358598232269287109e+00
5.869936466217041016e+00
1.275916767120361328e+01
-2.488277435302734375e+01
-2.528149795532226562e+01
-1.656953048706054688e+01
4.071181774139404297e+00
-3.446114349365234375e+01
-6.536975097656250000e+01
-1.662948799133300781e+01
-7.518795013427734375e+00
-9.581367492675781250e+00
-4.610808372497558594e+00
2.046982955932617188e+01
-3.699439048767089844e+00
-5.839957237243652344e+00
-2.571020126342773438e+01
-7.108079528808593750e+01
-4.013021850585937500e+01
-3.817257690429687500e+01
-4.332001113891601562e+01
-6.819079589843750000e+01
3.215873718261718750e+01
9.649120330810546875e+01
3.587916183471679688e+01
-7.132062530517578125e+01
-8.181036376953125000e+01
-1.161995601654052734e+01
-4.572134780883789062e+01
-4.900107955932617188e+01
-1.417119026184082031e+01
1.647059822082519531e+01
-3.120839595794677734e+00
7.043024444580078125e+01
2.466092872619628906e+01
8.139365196228027344e+00
-4.772995758056640625e+01
-4.993943023681640625e+01
-5.991352462768554688e+01
-3.852932739257812500e+01
-2.932869720458984375e+01
-3.118141555786132812e+01
-4.688754081726074219e+00
2.080559730529785156e+00
2.662157058715820312e+00
-3.078868675231933594e+01
-3.608901596069335938e+01
-2.102144813537597656e+01
3.102852058410644531e+01
-4.904005050659179688e+01
-1.050292968750000000e+02
1.370051574707031250e+01
-6.901222705841064453e+00
-4.314913177490234375e+01
1.933061790466308594e+01
-1.419817161560058594e+01
-7.642609405517578125e+01
3.327096939086914062e+01
-4.114052200317382812e+01
-4.564040374755859375e+01
5.030517578125000000e+00
-3.047990036010742188e+01
1.615881347656250000e+01
3.917088317871093750e+01
3.045891571044921875e+01
-2.465793037414550781e+01
7.126067352294921875e+01
5.636098480224609375e+01
-6.295042419433593750e+01
-6.560058593750000000e+01
1.472880363464355469e+01
-6.516888427734375000e+01
-5.547959518432617188e+01
2.142017173767089844e+01
-4.919594287872314453e+00
-5.840856552124023438e+01
-1.504958152770996094e+00
2.600100135803222656e+01
-8.565969848632812500e+01
1.229149150848388672e+01
8.511108398437500000e+00
-2.693935203552246094e+01
-1.692928123474121094e+01
-1.206065082550048828e+01
-5.621109008789062500e+00
6.751326560974121094e+00
-3.792974472045898438e+01
-4.337997055053710938e+01
1.751987266540527344e+01
-2.782973480224609375e+01
-3.953063583374023438e+01
1.966938400268554688e+01
-2.148912429809570312e+01
1.125121116638183594e+01
1.668944740295410156e+01
-2.813852119445800781e+01
-3.679053115844726562e+01
1.111030864715576172e+01
-1.480974769592285156e+01
-3.327996063232421875e+01
-7.431855010986328125e+01
-5.579137802124023438e+01
2.219963264465332031e+01
-3.699439048767089844e+00
-4.155123519897460938e+01
1.593097209930419922e+01
-1.937858581542968750e+01
-3.416135025024414062e+01
2.612091827392578125e+01
-8.840879440307617188e+00
-2.079060745239257812e+01
-9.440464973449707031e+00
-3.455108261108398438e+01
-5.631002044677734375e+01
-2.195979881286621094e+01
-3.739910888671875000e+01
-3.242855072021484375e+01
-2.664855194091796875e+01
1.393135643005371094e+01
-2.266131210327148438e+01
-7.260973453521728516e+00
-3.997132873535156250e+01
3.066876983642578125e+01
-5.145038223266601562e+01
1.772073364257812500e+01
-2.651964187622070312e+01
2.309901046752929688e+01
4.805073547363281250e+01
5.058997726440429688e+01
7.494812011718750000e-01
-6.984864807128906250e+01
9.650319099426269531e+00
-2.182489156723022461e+00
-5.604020690917968750e+01
-1.463886642456054688e+01
-6.966876983642578125e+01
-2.620186090469360352e+00
9.560381889343261719e+00
-4.769997787475585938e+01
-3.030901908874511719e+00
