-1.107810429170746431e+02
-9.260442437724452702e+01
-1.417402387318596482e+02
1.307998180134212696e+01
1.501564101601867485e+00
1.202534976475919706e+02
-5.822331923951759336e+01
-5.541752389748165974e+00
-1.046882612495294325e+02
9.174324081842325995e+01
-9.037590362769121555e+01
-1.113556421352477059e+02
-8.736777030409096767e+01
-1.493071290554636334e+02
-1.169739455923531182e+02
8.250612993466234002e+01
-5.347073713812786622e+01
-2.689356344102586149e+02
-8.782970739513693559e+01
-3.464257443947055037e+01
-7.091611659037914706e+01
-1.312703547038055873e+01
-1.131931931733510481e+02
-5.195121039319417378e+01
-5.326730859876083457e+01
1.171796111476879787e+02
-4.094058482487158557e+01
-4.167534618744647190e+01
7.310342698042657616e+01
1.767725794123512273e+01
-6.495778116542641101e+01
-6.529201169328577237e+01
-1.304192400991654495e+02
-1.662643909213603877e+01
-7.927517577958212769e+01
-1.058453035320404751e+02
-8.289641129057885394e+01
-1.242802281231959540e+02
-1.062129786837083714e+02
-1.604044550051726219e+02
-2.468007185803773211e+02
-5.000000000000000000e+02
-1.855395306405578992e+02
-7.923518299281724353e+01
-3.215262483062795695e+01
7.233871837419157202e+01
-1.082711840821015556e+02
-1.214001633508207618e+02
-1.666301041046131459e+01
-4.216253865412978712e+02
-1.301251574081061904e+02
-2.202705907414012643e+02
-1.006401609140958158e+02
-4.378470534031336570e+01
-5.070569012952677923e+01
-2.594982789224055182e+02
-6.620253527679773242e+01
-7.361784550202352762e+01
2.084930455443031008e+02
-8.947202217905180532e+01
-1.421931093737543677e+02
-1.482234048309568664e+02
-4.082263546138965893e+01
-1.356360655355262281e+02
-1.243418803315346111e+02
-1.012810425196197173e+02
-1.011138275418219052e+02
-8.901218532387468940e+01
-8.834831958223252002e+01
-1.741054386093305766e+02
-2.717835147819258736e+02
-1.221788997283628646e+02
-1.444688445326729322e+02
7.196327495015700038e+01
-1.071391998040187019e+02
-4.130495669525507907e+01
-1.988301307984372102e+02
-4.424591322217458611e+01
-1.359099288336105893e+01
-9.510630157286392716e+01
-7.252331454319624982e+01
-1.095628648507576486e+02
-5.316873128404906623e+01
-2.540074062689905361e+02
-6.983362224850469602e+01
-2.579408336835633619e+01
-1.439556747520476563e+02
6.469442427249708771e+01
-1.139134320830222862e+02
-8.732512683076453186e+01
-1.537401887644780629e+02
-5.866990517195397103e+01
-6.608106215101263103e+01
-5.522844927755607358e+01
4.787354587914494886e+01
-2.107927176988765439e+01
-3.089017249487220340e+01
-5.758351284828146532e+01
5.295677117537678669e+01
-9.429601121463146285e+01
-2.135789646485784132e+01
6.323291731719546505e+00
-2.545134197591341074e-01
-8.580265568372604434e+01
-6.009493377054691621e+01
-1.069373568056109569e+01
-5.749164558757206578e+01
-1.020685923735102136e+02
-3.956315871414815888e+01
4.379049028657254894e+01
-1.659441944395242530e+01
-8.868417524430375920e+01
2.581195793873271427e+01
-5.431737430149842538e+01
-1.032657816675886835e+02
-4.403983840284806917e+01
6.362447546303198465e+01
-1.641316966783886642e+02
-1.401126318583724526e+02
-9.455485423310857129e+01
-3.037703220278047525e+02
1.231197839707664166e+01
-3.177002973160097099e+01
-2.338783452860485568e+01
6.702074323113581045e+01
-1.581008834252140787e+02
-2.213381427314101302e+02
-5.842156983452994723e+01
-1.006384554957623720e+02
-1.896540179155531689e+02
1.859896372271968801e+01
-1.358612764478040447e+02
-2.951586952051013100e+02
5.596411775245122300e+01
-1.866500449350819224e+01
-1.154994879468417963e+02
-1.153387435903810285e+02
-1.053099608026182636e+02
-2.061322714973585164e+02
-5.000000000000000000e+02
-1.495337838965963897e+02
-1.053736371421494766e+02
2.359606082746742217e+01
1.419492552059921309e+02
-4.573085113590578743e+01
-1.901858037314944738e+02
-1.645558493934499324e+02
-7.874661708721674813e+01
-1.461241918467947301e+02
-1.228778995935260667e+02
-1.439110850438680131e+02
-1.429989323010096598e+02
-1.072532278415684885e+02
-4.547462367419768725e+01
-4.460894203847772701e+02
-1.276423127113675662e+02
-1.520714097548960524e+02
-1.715635327900498055e+02
-1.578240490206059121e+02
-9.016724083255128619e+01
-8.180581010844903744e+01
-1.228067766125258942e+02
-1.352689395557159742e+02
-1.206996809978001011e+02
-1.404254617713635334e+01
-1.811239369263087085e+01
-1.220881994010110390e+02
-2.966666874306444512e+01
-2.390690214113166689e+01
-9.984124238014348407e+01
-1.082669750984039183e+02
-1.672742280739913099e+02
7.206267679471622500e+00
3.581891260292086798e+01
-1.555514764522431790e+02
-7.413753737788849207e+01
-1.094308013972518552e+02
-8.958445086329186324e+01
-1.792915329508451237e+02
-1.122257889132230133e+02
-4.692047743453218800e+01
-1.475522453517441193e+02
-9.504291865932643191e+01
-1.205027089407218313e+02
-4.726710000311473436e+01
-2.126835830034001162e+02
2.948533573044661793e+01
-1.654622722916124076e+02
-2.130283579834043550e+01
1.207092061060902495e+02
7.896421678655548781e+00
-1.118649157664136169e+02
-1.795079445223851451e+02
-4.031401899699067570e+01
1.930884909880026896e+02
-1.700091575215152204e+02
-7.807964576986675809e+01
-9.904920839467122562e+01
-2.915049480551622807e+01
-1.305346527153307363e+02
-1.817783408955683626e+02
-1.254199553706288128e+02
-1.530225114080003834e+02
-6.512130599457444191e+01
-1.483727383642142001e+02
-1.698982515412922396e+02
-7.443731054710771389e+01
-6.103730715473334101e+01
-2.194254568030524410e+02
-1.834566188169402494e+02
-5.893827184628354843e+01
1.691226664237885657e+01
-2.034747076317916026e+02
-4.095388423589139393e+02
-1.730979845391443916e+02
-5.283937246445058378e+01
-1.217484215268053873e+02
-4.006312939650076999e+01
-8.572544922962589453e+01
-1.052974857762495731e+02
-4.690188403905614223e+01
-8.686601856403778754e+01
-5.481402572611181512e+01
-1.058756615032346247e+02
-1.274768833961261407e+02
-1.508065740848096539e+02
-6.651777915196834101e+01
-1.056830312363115922e+02
-4.148425176920895296e+01
-8.763366024476826510e+01
-1.145779069232197998e+02
-4.410441028344324366e+01
-8.159270310520375347e+01
-1.943214908850762583e+02
-9.624838650274723761e+01
-3.843903200391058483e+00
-1.429826023753603579e+02
-1.493902232324307988e+02
-9.594804199434243230e+01
-1.805424513296121347e+02
-4.097125205968903572e+01
-8.982454914659628642e+00
3.518376837999935560e+02
-1.133192899587389775e+02
-1.186949419423540917e+02
-1.099326495686664202e+02
-7.439856815699937442e+01
-1.530374485083816580e+02
-2.462363278363638415e+02
-1.109864351440701711e+02
-5.293857505259806118e+01
-5.110815572257146044e+01
-1.047559204185246671e+02
-1.187782651727876413e+02
-8.286787568835397622e+01
-1.425688522468763040e+02
-9.324932383526236990e+00
-3.331634389941419983e+01
-1.205177302026828912e+01
-8.711965461119089582e+01
-4.934981912500875012e+01
-1.607969849761431078e+02
8.597021007688641703e+01
-7.867563975184179981e+01
-4.255786218104734786e+01
-6.996411274766204258e+01
-8.834122675413237857e+01
-1.429688443742103345e+02
-1.120949672374271131e+02
-2.341883338983348608e+02
9.813145319396936372e+01
-3.877077386240865735e+02
1.203836297022856527e+01
-1.350106159368253316e+02
-1.552411165550526277e+02
-1.734245303533768947e+02
1.145009713356809442e+02
-2.509435602266826777e+02
-4.877418130197731472e+01
5.571614465042484454e+01
-3.535919359266824102e+01
-4.574884172606377319e+01
-3.390948000245681442e+02
-7.130515333371560871e+01
-5.299937323989085058e+01
1.473376513143275801e+01
-3.424777214891921062e+02
-2.002752424315689836e+02
-6.070653397229444437e+01
-1.466892257169815252e+02
-3.950356437545389099e+01
-2.342342234147461681e+02
-1.965599180142101545e+02
-1.186467114178755651e+02
-3.976584186447478686e+01
2.221284282631246185e+02
-5.000000000000000000e+02
-5.000000000000000000e+02
1.469138290986391269e+02
-4.838186004531655726e+01
-1.349604327272106730e+02
1.735619651899193627e+02
-5.000000000000000000e+02
6.791548595489157947e+01
-1.121119627972594515e+02
1.228402284431550839e+02
1.376114778739172948e+02
-8.579225829020390393e+01
-9.218019549429664039e+01
-8.286812772322576848e+00
-2.141942614813951877e+02
1.858699117959557441e+02
-1.111071899044970479e+02
-8.109979961166868634e+01
-1.345687280749879733e+01
-2.055859995610757807e+01
-4.376893596757826543e+01
2.077170367529658890e+01
-1.280739217056928680e+02
-1.322034655267870846e+02
-1.272122829059669016e+02
-1.256807322672216998e+02
-2.431144225897761828e+02
-1.195419612765723372e+02
-2.837733547675528598e+02
-7.658748765415478488e+01
-6.908825364370908062e+01
-6.736413881679021642e+01
-1.187743729223922742e+02
-1.593677743164462868e+02
-1.185379329274290683e+02
-6.139259797888066750e+00
-1.119594517284950683e+02
-1.472818217503759683e+02
-1.013170410878928607e+02
-1.828013657516978867e+02
-1.216903722687165725e+02
-1.399878752830065309e+02
-1.216789181947680447e+02
-2.010853107679446055e+02
-1.048185938745145194e+02
1.528151641223717547e+02
-1.549090801404058197e+02
6.667584093367791809e+01
-1.319848131769858810e+02
-3.613432236481776272e+01
-2.130796965939786105e+02
-2.220028379499459277e+02
-1.493528490912892721e+02
-1.068168462752996675e+02
-9.150198427295214287e+01
-7.993183036367443606e+01
-7.761514965584082404e+01
-2.677927885182853061e+02
-2.055868174021284744e+02
-1.982308207971173317e+02
-4.283445216547137591e+01
-1.368139383074354214e+02
-2.309230425720273274e+02
-1.599487498579869111e+02
-1.669200599405661194e+02
-1.048091234639569223e+02
-9.775245850525882929e+01
-1.350380837738248943e+02
-1.334546628373601891e+02
-1.032354415304315296e+02
-9.503797831578962985e+01
-1.319093037112870945e+02
-8.098206998686480063e+01
-2.784560973427715567e+02
1.213326155251032787e+02
-3.088682750402529109e+02
-3.813982239440621242e+02
-2.011358738202783343e+02
-2.580625040491474351e+02
-2.149586297099863259e+02
-1.243674691931259133e+02
-9.439679980961129502e+01
-9.542061487746801163e+01
7.378783163549140767e-01
-5.719784921180269777e+01
-1.054620671006335471e+02
-1.716165927411517487e+02
-7.480954084877956234e+01
-7.030965051293647150e+01
-1.139266941341617354e+02
1.375409231026224433e+01
-4.079257939375073079e+02
1.428124410356158478e+02
-4.506860506616114748e+01
-1.018429998686254550e+02
3.022375666915879151e+02
-3.963016871603792879e+01
1.327223021051365492e+01
-1.177335979663979231e+02
-1.122183414173269540e+02
-9.447526835130611289e+01
-3.963230087518220301e+01
-1.090774456760323829e+01
-1.217217501311648107e+02
-1.032263183050975641e+02
-1.049214670261851126e+02
-1.399392712493670388e+02
-1.599078009123942756e+01
-1.448824567827312748e+01
-6.439101524510998331e+01
-6.138499515499530901e+01
-1.705776498959739342e+02
-8.287498415666154017e+01
-1.543394770513084211e+02
-1.147901040120620735e+02
-8.538002681372094571e+01
5.163174489609280471e+01
-5.844264936154141310e+01
-1.146157592147035302e+02
-2.358654896422999059e+02
-6.671966086488023961e+01
1.563958473317246103e+02
-4.654028502012802733e+02
-3.902872997683051182e+01
-1.248707000628929933e+02
-1.067981845623984043e+02
-5.537163422101453136e+01
8.518558674241046447e+01
2.554578802794767967e+02
-3.773656789142381740e+01
-2.222225437232065417e+02
-1.363922110281401103e+02
-8.407251928823544063e+01
-1.335306402955052931e+02
-5.142708292566216954e+01
-1.011930738349053911e+02
-4.991436131901616058e+00
-1.229293146981424485e+02
-7.623038461309221248e+01
-2.002712715917355695e+02
3.600146922869893729e+01
-8.679949605007161395e+00
-2.779575562919804383e+02
-2.369481363989012550e+02
1.525548959979546737e+02
-2.286598732287691291e+02
-1.196629493955500863e+02
-4.578711209947022667e+02
-5.000000000000000000e+02
-1.764547635782750845e+01
-7.378447321120340519e+01
-7.103499957338260629e+01
3.802491156741216116e+01
-2.245168911271006209e+02
-2.041279085133915601e+02
-9.646341123975676624e+01
6.237316090104166655e+00
-1.379102141423553860e+02
-1.621193267170300203e+02
-1.020058845071554288e+02
-3.147992597625103528e+01
5.587320742518214445e+01
-5.000000000000000000e+02
3.501841876457906437e+02
-1.146112843156373913e+02
-8.360542469854087244e+01
-5.522162018428328167e+01
-1.413132914727020761e+02
6.787467181643498293e+01
-1.418563508164972404e+02
1.658277964183343727e+02
6.080097744472253396e+01
-2.280798859613815353e+02
-7.726838271803774205e+01
-1.792442018604746181e+02
-1.620211664681148136e+02
-7.769338366774695714e+01
-2.822522211474783944e+02
-1.167122912955226752e+02
-1.454126308371902212e+02
-3.202381778345680914e+02
-1.119503354757322029e+02
-1.388938771974646329e+02
-1.301775842109043140e+02
-2.356449121885795819e+02
-5.000000000000000000e+02
-1.271850212097061927e+02
-1.304081755711771606e+01
-1.192921325598837257e+02
-1.413633820223952569e+02
-4.981774199256632585e+01
-6.578411611994297914e+01
-6.797186677519977138e+01
-1.547799789202849752e+02
-6.493620582202952107e+01
-1.649870119517068474e+02
-2.047888246594138764e+02
-1.299000206439784506e+02
-1.277530220112439849e+02
-1.476881638950830222e+02
-8.056797580806453141e+01
1.167006757194319846e+02
-1.738180779584323830e+02
-1.112986763621682513e+02
-9.565898153742914189e+01
-8.282923393843120152e+01
-1.091061617537853010e+02
-4.868666161668094361e+01
-1.585790368341047838e+02
-3.728969301402973429e+02
-2.263399720781917210e+02
-1.669962686503660905e+02
-7.089054607778882655e+01
-1.456771888906293668e+02
-1.978996512215054508e+02
-6.668141887389479905e+01
-1.261477100675751331e+02
-3.249128864533335559e+01
-8.498571127413904946e+01
-9.348402428625774974e+01
-1.002125934586881897e+02
-1.597997509441671014e+02
-2.075088294283440504e+01
-3.121930228452730489e+02
-1.347178012567878511e+02
1.153001065570273909e+01
-9.819131306319997066e+01
-7.333097769019151713e+01
-1.133994769581356366e+02
-3.927074082581993508e+01
-5.787409955854118238e+01
-1.731682608097358411e+02
-7.377146685961380967e+01
-8.427623994758353376e+01
2.209426954078376326e+01
-1.390900517960683374e+02
-3.028276653159963416e+02
-4.298769071534279078e+02
2.152944730707518062e+01
-3.013826680292294782e+02
-2.267204973566897195e+02
-1.685890608473742702e+02
-9.041311912741630863e+01
-6.863080297760814119e+01
-6.890754248094637546e+01
-5.250957091663518383e+01
-2.433767741772455295e+01
-2.350055420925287706e+02
-2.199493595719141297e+02
1.052065982474342576e+01
-2.800576460908262106e+02
4.402521382468954698e+02
-1.158413211681431108e+02
3.373682156371887686e+01
-3.281674070399611765e+01
-2.738162110852089715e+00
4.375832693283440022e+01
-8.879850515978432668e+01
-4.354005575504990588e+01
9.839744858163192021e+01
5.000000000000000000e+02
-1.533731876397499150e+02
