3.826960000000000264e+02
2.383350000000000080e+02
2.839199999999999946e+01
2.300740000000000123e+02
1.100169999999999959e+02
2.703450000000000273e+02
2.600799999999999912e+01
4.009599999999999653e+01
1.997899999999999920e+01
1.067510000000000048e+02
1.671560000000000059e+02
2.512340000000000089e+02
2.778729999999999905e+02
4.423700000000000188e+01
5.094700000000000273e+01
5.140200000000000102e+01
1.136359999999999957e+02
4.126299999999999812e+01
5.935940000000000509e+02
3.942819999999999823e+02
2.966990000000000123e+02
1.685699999999999932e+02
1.820509999999999877e+02
1.558799999999999955e+02
3.119500000000000028e+01
2.080610000000000070e+02
2.156200000000000117e+01
8.799500000000000455e+01
3.886720000000000255e+02
2.800230000000000246e+02
8.961499999999999488e+01
2.281949999999999932e+02
1.736400000000000077e+01
8.040000000000000568e+01
2.884199999999999875e+01
5.182999999999999829e+01
4.458500000000000227e+02
3.048369999999999891e+02
1.647220000000000084e+02
3.502199999999999847e+01
3.088500000000000156e+01
3.891870000000000118e+02
4.059899999999999665e+01
1.982880000000000109e+02
5.671180000000000518e+02
5.177060000000000173e+02
2.709619999999999891e+02
5.245460000000000491e+02
4.887149999999999750e+02
3.079390000000000214e+02
1.555499999999999972e+01
8.918600000000000705e+01
9.747400000000000375e+01
5.076700000000000301e+01
1.316920000000000073e+02
1.828569999999999993e+02
4.848679999999999950e+02
1.318040000000000020e+02
8.397700000000000387e+01
6.204410000000000309e+02
1.090870000000000033e+02
4.666200000000000045e+02
5.371399999999999864e+01
6.118900000000000006e+01
1.001359999999999957e+02
6.465449999999999591e+02
1.307009999999999934e+02
4.138059999999999832e+02
9.015399999999999636e+01
4.578179999999999836e+02
1.345900000000000034e+02
8.950900000000000034e+01
2.903600000000000136e+01
9.327100000000000080e+01
8.895600000000000307e+01
4.842900000000000205e+01
1.230909999999999940e+02
2.398499999999999943e+01
1.044569999999999936e+02
1.239890000000000043e+02
1.121299999999999955e+02
3.559950000000000045e+02
1.112950000000000017e+02
6.705220000000000482e+02
4.541440000000000055e+02
5.750399999999999778e+01
3.389680000000000177e+02
2.211599999999999966e+01
6.583400000000000318e+01
1.068340000000000032e+02
1.582909999999999968e+02
6.351599999999999824e+01
7.384300000000000352e+01
5.035300000000000153e+01
2.972500000000000000e+02
4.246270000000000095e+02
6.574200000000000443e+01
2.245599999999999952e+01
3.135640000000000214e+02
8.335200000000000387e+01
1.349569999999999936e+02
7.345600000000000307e+01
1.569339999999999975e+02
3.422200000000000131e+01
9.986420000000000528e+02
8.144239999999999782e+02
3.387599999999999767e+01
2.056510000000000105e+02
5.118099999999999739e+01
3.085389999999999873e+02
2.299269999999999925e+02
2.249859999999999900e+02
5.904120000000000346e+02
9.802999999999999545e+02
6.445000000000000284e+01
2.198789999999999907e+02
1.642230000000000132e+02
1.166059999999999945e+02
2.197800000000000153e+01
5.527799999999999869e+01
2.241109999999999900e+02
3.519529999999999745e+02
2.163689999999999998e+02
3.556480000000000246e+02
3.726500000000000057e+01
2.553420000000000130e+02
1.858249999999999886e+02
2.963700000000000045e+01
1.625589999999999975e+02
3.242699999999999960e+01
1.392470000000000141e+02
1.210679999999999978e+02
2.196059999999999945e+02
6.583410000000000082e+02
5.978499999999999659e+01
3.634300000000000352e+01
8.143699999999999761e+01
1.235949999999999989e+02
4.500600000000000023e+01
1.430449999999999875e+02
5.119700000000000273e+01
4.431900000000000261e+01
4.646789999999999736e+02
1.783460000000000036e+02
3.497769999999999868e+02
2.335109999999999957e+02
2.504559999999999889e+02
2.506570000000000107e+02
8.297100000000000364e+01
6.246000000000000227e+02
4.078000000000000291e+00
3.410760000000000218e+02
4.690459999999999923e+02
1.107219999999999942e+02
7.584099999999999397e+01
2.345389999999999873e+02
9.301999999999999602e+00
1.050250000000000057e+02
1.263829999999999956e+02
2.162529999999999859e+02
8.620099999999999341e+01
5.381620000000000346e+02
2.570439999999999827e+02
2.424759999999999991e+02
2.428470000000000084e+02
4.063499999999999801e+01
3.177300000000000182e+02
4.969400000000000261e+01
1.616670000000000016e+02
2.040109999999999957e+02
3.346399999999999864e+01
7.529000000000000625e+01
2.598539999999999850e+02
2.227899999999999991e+01
1.830509999999999877e+02
3.390950000000000273e+02
2.061579999999999870e+02
6.009260000000000446e+02
6.255570000000000164e+02
1.222139999999999986e+02
5.223700000000000188e+01
6.454300000000000637e+01
2.628770000000000095e+02
3.166240000000000236e+02
5.706559999999999491e+02
2.332860000000000014e+02
2.145490000000000066e+02
1.131430000000000007e+02
5.930689999999999600e+02
9.070799999999999841e+01
5.034279999999999973e+02
2.203290000000000077e+02
8.277279999999999518e+02
3.804159999999999968e+02
3.126800000000000068e+01
1.755980000000000132e+02
4.188469999999999800e+02
2.451699999999999875e+02
5.830400000000000205e+01
1.185330000000000013e+02
1.268610000000000042e+02
1.435600000000000023e+02
5.713379999999999654e+02
2.635900000000000176e+01
9.062099999999999511e+01
8.524399999999999977e+01
3.225200000000000244e+01
1.329900000000000091e+02
6.803100000000000591e+01
4.624499999999999744e+01
7.840200000000000102e+01
6.312580000000000382e+02
2.066100000000000136e+01
3.548899999999999721e+01
2.089559999999999889e+02
6.342900000000000205e+01
1.564569999999999936e+02
1.139000000000000057e+01
1.542299999999999898e+02
3.456999999999999886e+02
6.343500000000000227e+01
2.368770000000000095e+02
4.777600000000000335e+01
6.740430000000000064e+02
1.649360000000000070e+02
2.488700000000000045e+02
7.004999999999999893e+00
2.686499999999999773e+02
1.155685999999999922e+03
2.568709999999999809e+02
4.944769999999999754e+02
4.842679999999999723e+02
7.742140000000000555e+02
1.018400000000000034e+02
4.352119999999999891e+02
6.388450000000000273e+02
1.538110000000000070e+02
5.828579999999999472e+02
1.144800000000000040e+01
1.317500000000000071e+01
8.217400000000000659e+01
1.029189999999999969e+02
5.305899999999999750e+01
3.423999999999999932e+00
4.055720000000000027e+02
3.899039999999999964e+02
1.058149999999999977e+02
6.788500000000000512e+01
1.247369999999999948e+02
3.657579999999999814e+02
1.257860000000000014e+02
1.642920000000000016e+02
6.754099999999999682e+01
1.439799999999999898e+02
7.968600000000000705e+01
5.794400000000000261e+01
4.812100000000000222e+01
2.598340000000000032e+02
3.646099999999999852e+01
2.458669999999999902e+02
4.574099999999999966e+01
5.520799999999999841e+01
1.397000000000000064e+01
1.282699999999999996e+01
1.475469999999999970e+02
4.901229999999999905e+02
2.725740000000000123e+02
6.512999999999999545e+01
7.229000000000000625e+01
1.142549999999999955e+02
4.413100000000000023e+01
1.501450000000000102e+02
4.261960000000000264e+02
2.343189999999999884e+02
1.284879999999999995e+02
1.190570000000000022e+02
4.597180000000000177e+02
2.373600000000000065e+01
3.131200000000000117e+01
5.411309999999999718e+02
3.155760000000000218e+02
2.062820000000000107e+02
2.447210000000000036e+02
1.743559999999999945e+02
1.009309999999999974e+02
1.097489999999999952e+02
4.961200000000000188e+01
3.183519999999999754e+02
4.959499999999999886e+01
2.091300000000000026e+01
2.959600000000000009e+01
2.442889999999999873e+02
3.956970000000000027e+02
5.701960000000000264e+02
7.686770000000000209e+02
3.334510000000000218e+02
2.767769999999999868e+02
6.216209999999999809e+02
8.635839999999999463e+02
9.671200000000000330e+01
8.829399999999999693e+01
1.931099999999999994e+01
1.249770000000000039e+02
1.204259000000000015e+03
3.096799999999999997e+01
3.903269999999999982e+02
3.369540000000000077e+02
5.335499999999999687e+01
8.073659999999999854e+02
3.853129999999999882e+02
1.254249999999999972e+02
2.439410000000000025e+02
1.514499999999999886e+02
2.017700000000000102e+02
7.778499999999999659e+01
1.334399999999999942e+01
6.246570000000000391e+02
4.473509999999999991e+02
1.893000000000000114e+02
2.367379999999999995e+02
3.714200000000000301e+01
4.245819999999999936e+02
4.435559999999999832e+02
5.737219999999999800e+02
3.481870000000000118e+02
5.019639999999999986e+02
4.594100000000000250e+01
4.391320000000000050e+02
8.055999999999999162e+00
3.399710000000000036e+02
7.216299999999999670e+01
7.484300000000000352e+01
1.908280000000000030e+02
1.986570000000000107e+02
3.736890000000000214e+02
2.353089999999999975e+02
1.798480000000000132e+02
1.949559999999999889e+02
5.288000000000000256e+01
1.900799999999999912e+01
6.005400000000000205e+01
6.496200000000000330e+01
2.016699999999999875e+02
3.091549999999999727e+02
2.381709999999999923e+02
3.739449999999999932e+02
2.385639999999999930e+02
1.608259999999999934e+02
4.185579999999999927e+02
3.572529999999999859e+02
1.624240000000000066e+02
1.635579999999999927e+02
6.193999999999999773e+01
8.068999999999999773e+01
3.107799999999999727e+02
1.354470000000000027e+02
6.339200000000000301e+01
4.039069999999999823e+02
2.810629999999999882e+02
8.247899999999999920e+01
1.883800000000000097e+01
2.575160000000000196e+02
8.059799999999999898e+01
5.706099999999999994e+01
2.797470000000000141e+02
2.284490000000000123e+02
2.249449999999999932e+02
2.949259999999999877e+02
2.307750000000000057e+02
1.552210000000000036e+02
1.973439999999999941e+02
7.572199999999999420e+01
3.962599999999999767e+01
1.732299999999999898e+02
1.770970000000000084e+02
1.589110000000000014e+02
8.268600000000000705e+01
2.280070000000000050e+02
9.776800000000000068e+01
2.198079999999999927e+02
6.231689999999999827e+02
8.858089999999999691e+02
2.464110000000000014e+02
2.290289999999999964e+02
3.083099999999999952e+01
7.691910000000000309e+02
5.569599999999999795e+01
4.249950000000000045e+02
1.369430000000000121e+02
5.777900000000000347e+01
1.416100000000000136e+02
5.706190000000000282e+02
1.721939999999999884e+02
6.445950000000000273e+02
1.426610000000000014e+02
2.959199999999999875e+01
3.645199999999999818e+02
3.170989999999999895e+02
1.846699999999999875e+01
4.190500000000000114e+01
2.148890000000000100e+02
2.050199999999999889e+01
7.540200000000000102e+01
2.497210000000000036e+02
7.378700000000000614e+01
7.173600000000000421e+01
2.721059999999999945e+02
1.539859999999999900e+02
1.940900000000000034e+02
1.424730000000000132e+02
2.468389999999999986e+02
5.660999999999999588e+00
4.675300000000000011e+01
2.442460000000000093e+02
7.050030000000000427e+02
2.679309999999999832e+02
1.718149999999999977e+02
2.837710000000000150e+02
5.313250000000000455e+02
3.250969999999999800e+02
2.137040000000000077e+02
1.336889999999999930e+02
7.369299999999999784e+01
1.998919999999999959e+02
2.578279999999999745e+02
6.136639999999999873e+02
1.965010000000000048e+02
1.004030000000000058e+02
1.801179999999999950e+02
3.967900000000000205e+02
6.997599999999999909e+01
6.125099999999999767e+01
1.033500000000000085e+01
1.613629999999999995e+02
1.200979999999999990e+02
1.113559999999999945e+02
1.583019999999999925e+02
3.863940000000000055e+02
1.862750000000000057e+02
4.907200000000000273e+01
1.955799999999999983e+01
5.099479999999999791e+02
9.532399999999999807e+01
2.988910000000000196e+02
2.880000000000000071e+01
1.222019999999999982e+02
7.615879999999999654e+02
3.427559999999999718e+02
7.660599999999999454e+01
4.658729999999999905e+02
5.514199999999999591e+02
1.465600000000000058e+01
3.948279999999999745e+02
2.932830000000000155e+02
9.477800000000000580e+01
3.010000000000000142e+01
2.770659999999999741e+02
2.561089999999999804e+02
4.596000000000000085e+01
6.829099999999999682e+01
2.936240000000000236e+02
5.469249999999999545e+02
3.576530000000000200e+02
4.717099999999999795e+02
4.899069999999999823e+02
1.399979999999999905e+02
3.852719999999999914e+02
1.833329999999999984e+02
1.298590000000000089e+02
2.863870000000000005e+02
2.050289999999999964e+02
3.330509999999999877e+02
5.919779999999999518e+02
2.339250000000000114e+02
1.985289999999999964e+02
5.522930000000000064e+02
5.008519999999999754e+02
9.285500000000000398e+01
7.795699999999999363e+01
1.062219999999999942e+02
1.904329999999999927e+02
2.908699999999999974e+01
3.226720000000000255e+02
8.267300000000000182e+01
1.737379999999999995e+02
3.483800000000000097e+01
8.647190000000000509e+02
5.466470000000000482e+02
4.318319999999999936e+02
3.036899999999999977e+01
4.778899999999999864e+02
6.186330000000000382e+02
1.009030000000000058e+02
2.247570000000000050e+02
2.494559999999999889e+02
3.985600000000000165e+01
9.353799999999999670e+01
1.195870000000000033e+02
1.834710000000000036e+02
1.126269999999999953e+02
2.380200000000000102e+02
1.486430000000000007e+02
1.660949999999999989e+02
2.923890000000000100e+02
3.226539999999999964e+02
3.149100000000000250e+02
2.034079999999999870e+02
1.465240000000000009e+02
7.660299999999999443e+01
1.998520000000000039e+02
1.198400000000000034e+02
6.837530000000000427e+02
2.276579999999999870e+02
4.750670000000000073e+02
2.454029999999999916e+02
2.117249999999999943e+02
1.172750000000000057e+02
2.608500000000000227e+02
5.238400000000000034e+01
9.978999999999999204e+00
4.526299999999999812e+01
7.600499999999999545e+01
4.846320000000000050e+02
1.905889999999999986e+02
2.549830000000000041e+02
5.356499999999999773e+01
4.697379999999999995e+02
3.488000000000000114e+02
2.444490000000000123e+02
4.450160000000000196e+02
3.365339999999999918e+02
8.255460000000000491e+02
7.202930000000000064e+02
8.118500000000000227e+01
2.077239999999999895e+02
9.825499999999999545e+01
1.602011999999999944e+03
5.296599999999999682e+02
3.667130000000000223e+02
4.424440000000000168e+02
7.062699999999999534e+01
1.958369999999999891e+02
1.595980000000000132e+02
2.654209999999999923e+02
2.695299999999999727e+02
8.531799999999999784e+01
9.309199999999999875e+01
1.778580000000000041e+02
3.631299999999999955e+02
3.538770000000000095e+02
1.155879999999999939e+02
2.285200000000000102e+02
6.860009999999999764e+02
1.228539999999999992e+02
8.706399999999999295e+01
1.415409999999999968e+02
1.012930000000000064e+02
2.179759999999999991e+02
8.016299999999999670e+01
2.275799999999999912e+01
2.406589999999999918e+02
5.618500000000000227e+01
9.986000000000000654e+00
1.131400000000000006e+01
2.234299999999999997e+01
4.460499999999999687e+01
1.613100000000000023e+01
4.928399999999999892e+01
5.843369999999999891e+02
4.557330000000000041e+02
1.230280000000000058e+02
2.730520000000000209e+02
3.202499999999999858e+01
2.819990000000000236e+02
1.851200000000000045e+01
3.528900000000000148e+01
8.942300000000000182e+01
1.184900000000000020e+01
5.256130000000000564e+02
6.415700000000000500e+02
3.569839999999999804e+02
5.134850000000000136e+02
9.544700000000000273e+01
1.617299999999999827e+01
2.359799999999999898e+01
5.939099999999999824e+01
2.403200000000000003e+01
7.440500000000000114e+01
2.466579999999999870e+02
4.354039999999999964e+02
1.001490000000000009e+02
2.706659999999999968e+02
1.905929999999999893e+02
2.304480000000000075e+02
8.608400000000000318e+01
1.202300000000000040e+02
9.053199999999999648e+01
4.731370000000000005e+02
2.755419999999999732e+02
3.427600000000000335e+01
4.839220000000000255e+02
3.730960000000000036e+02
2.533800000000000097e+01
3.169800000000000040e+01
1.002870000000000061e+02
6.125860000000000127e+02
2.403950000000000102e+02
2.649309999999999832e+02
1.368839999999999861e+02
2.308950000000000102e+02
1.313100000000000023e+02
2.563290000000000077e+02
4.208500000000000227e+02
3.666120000000000232e+02
5.032110000000000127e+02
9.995699999999999363e+01
4.713899999999999864e+02
2.488870000000000005e+02
2.634600000000000009e+01
1.789070000000000107e+02
2.259759999999999991e+02
9.953499999999999659e+01
3.162010000000000218e+02
3.304370000000000118e+02
5.750699999999999790e+01
1.282699999999999996e+01
1.249030000000000058e+02
1.242650000000000006e+02
4.648530000000000086e+02
6.257200000000000273e+01
5.032999999999999829e+01
1.451239999999999952e+02
1.016239999999999952e+02
1.504830000000000041e+02
1.704399999999999977e+02
7.568999999999999773e+01
4.307649999999999864e+02
5.607399999999999807e+01
8.781999999999999318e+01
2.695699999999999932e+02
4.058290000000000077e+02
2.939019999999999868e+02
1.156460000000000008e+02
2.850310000000000059e+02
3.772599999999999909e+02
1.040040000000000049e+02
8.300700000000000500e+01
3.430509999999999877e+02
6.567300000000000182e+01
6.258100000000000307e+01
1.277510000000000048e+02
3.364699999999999847e+01
1.432539999999999907e+02
7.716999999999999638e+00
5.160670000000000073e+02
8.680999999999999162e+00
1.490700000000000003e+01
2.500320000000000107e+02
7.834260000000000446e+02
2.566630000000000109e+02
1.130999999999999943e+02
3.008709999999999809e+02
1.224509999999999934e+02
9.301600000000000534e+01
1.130379999999999967e+02
1.168670000000000044e+02
1.631860000000000070e+02
3.197040000000000077e+02
3.938860000000000241e+02
1.529170000000000016e+02
2.027589999999999861e+02
4.098469999999999800e+02
3.203949999999999818e+02
8.243099999999999739e+01
4.080799999999999983e+01
9.743999999999999773e+00
3.730000000000000000e+02
3.472999999999999865e+00
5.044700000000000273e+01
9.040200000000000102e+01
1.164539999999999935e+02
1.976899999999999977e+02
1.414279999999999973e+02
1.686080000000000041e+02
3.869289999999999736e+02
1.152200000000000024e+01
8.470000000000000639e+00
4.220400000000000063e+01
6.786539999999999964e+02
3.235169999999999959e+02
4.201519999999999868e+02
1.016700000000000017e+02
3.667230000000000132e+02
3.159970000000000141e+02
1.890070000000000050e+02
2.691320000000000050e+02
2.937710000000000150e+02
5.385600000000000165e+01
3.991499999999999915e+01
1.797270000000000039e+02
9.200400000000000489e+01
3.634350000000000023e+02
6.889300000000000068e+01
5.452730000000000246e+02
3.530690000000000168e+02
6.354980000000000473e+02
3.364300000000000068e+01
1.023076000000000022e+03
5.770199999999999818e+01
9.150999999999999801e+00
2.618399999999999750e+02
9.228849999999999909e+02
6.401810000000000400e+02
2.600520000000000209e+02
1.330579999999999927e+02
2.948759999999999764e+02
1.791403999999999996e+03
8.395249999999999773e+02
2.256320000000000050e+02
1.995169999999999959e+02
1.722750000000000057e+02
7.033000000000000362e+00
2.238060000000000116e+02
7.145900000000000318e+01
1.656299999999999955e+02
3.699799999999999756e+01
6.985720000000000027e+02
2.093360000000000127e+02
1.136479999999999961e+02
3.485000000000000142e+01
5.571399999999999864e+01
3.260900000000000176e+01
1.141999999999999993e+01
7.789799999999999613e+01
2.820799999999999841e+01
8.215600000000000591e+01
3.835339999999999918e+02
6.866299999999999670e+01
7.423399999999999466e+01
7.347100000000000364e+02
7.729270000000000209e+02
3.624859999999999900e+02
1.921419999999999959e+02
3.086680000000000064e+02
9.155500000000000682e+01
2.043400000000000105e+01
1.828110000000000070e+02
1.928720000000000141e+02
7.320699999999999363e+01
5.609320000000000164e+02
2.883899999999999864e+01
3.581070000000000277e+02
4.609400000000000119e+01
2.030600000000000094e+01
9.541760000000000446e+02
1.833660000000000139e+02
1.645899999999999963e+01
7.734399999999999409e+01
1.763800000000000168e+01
9.418899999999999295e+01
1.761199999999999832e+01
1.433500000000000085e+01
2.517000000000000171e+01
5.805499999999999972e+01
2.241300000000000026e+01
1.216170000000000044e+02
3.026779999999999973e+02
2.258100000000000023e+02
2.271359999999999957e+02
2.514999999999999858e+01
2.201399999999999935e+01
1.371090000000000089e+02
7.827419999999999618e+02
2.428000000000000114e+02
1.486210000000000093e+02
2.604669999999999845e+02
7.915200000000000102e+01
1.415219999999999914e+02
3.185360000000000014e+02
7.137800000000000011e+01
9.763700000000000045e+01
1.121710000000000065e+02
2.480939999999999941e+02
1.033220000000000027e+02
2.140920000000000130e+02
8.856939999999999600e+02
2.736820000000000164e+02
5.566829999999999927e+02
2.605419999999999732e+02
4.132860000000000014e+02
1.910320000000000107e+02
8.249699999999999989e+01
2.695400000000000063e+01
6.261330000000000382e+02
3.948559999999999945e+02
1.311529999999999916e+02
1.991700000000000159e+01
2.397599999999999909e+02
1.380409999999999968e+02
4.023369999999999891e+02
1.546699999999999875e+02
3.178729999999999905e+02
4.224189999999999827e+02
2.008139999999999930e+02
2.775110000000000241e+02
6.544289999999999736e+02
1.106050000000000040e+02
1.465970000000000084e+02
8.460500000000000398e+01
3.488659999999999854e+02
7.755899999999999750e+01
4.539800000000000324e+01
6.413100000000000023e+01
9.485800000000000409e+01
2.753620000000000232e+02
2.186690000000000111e+02
9.831199999999999761e+01
2.715500000000000114e+01
3.747570000000000050e+02
1.807040000000000077e+02
1.720500000000000114e+02
3.370810000000000173e+02
6.189959999999999809e+02
1.331500000000000057e+02
1.518400000000000034e+02
1.438439999999999941e+02
2.543160000000000025e+02
3.259639999999999986e+02
6.576600000000000534e+01
6.807459999999999809e+02
1.564100000000000001e+01
3.950980000000000132e+02
9.279800000000000182e+01
2.495899999999999963e+01
5.607000000000000206e+00
1.241509999999999962e+02
1.045432000000000016e+03
5.517789999999999964e+02
3.800459999999999923e+02
2.465089999999999861e+02
1.809410000000000025e+02
7.584450000000000500e+02
7.961400000000000432e+01
2.594099999999999895e+01
9.766200000000000614e+01
3.179030000000000200e+02
4.251519999999999868e+02
6.590399999999999636e+01
1.547100000000000009e+01
4.099199999999999733e+01
1.610289999999999964e+02
3.974610000000000127e+02
1.205130000000000052e+02
2.256160000000000139e+02
8.853799999999999670e+01
1.070400000000000063e+01
1.706320000000000050e+02
7.534199999999999875e+01
5.705599999999999739e+01
1.410809999999999889e+02
3.362509999999999764e+02
1.022939999999999969e+02
2.712490000000000236e+02
7.275499999999999545e+01
3.099080000000000155e+02
5.905679999999999836e+02
6.853010000000000446e+02
3.374300000000000210e+01
6.453400000000000603e+01
2.142800000000000082e+01
6.313260000000000218e+02
3.915849999999999795e+02
4.677719999999999914e+02
2.183959999999999866e+02
8.180200000000000671e+01
9.713869999999999436e+02
3.600629999999999882e+02
3.882900000000000063e+01
2.849139999999999873e+02
1.691799999999999926e+01
2.804259999999999877e+02
1.815279999999999916e+02
2.016300000000000026e+01
1.299170000000000016e+02
5.584249999999999545e+02
1.216490000000000009e+02
2.125219999999999914e+02
2.950720000000000027e+02
1.291730000000000018e+02
9.178000000000000114e+01
6.422100000000000364e+01
1.757280000000000086e+02
2.070039999999999907e+02
7.919799999999999329e+01
4.508400000000000318e+01
1.834499999999999886e+01
3.499300000000000210e+01
5.325149999999999864e+02
4.180400000000000205e+01
2.195840000000000032e+02
1.632470000000000141e+02
3.613229999999999791e+02
7.204260000000000446e+02
2.329120000000000061e+02
1.523439999999999941e+02
7.965500000000000114e+01
5.502199999999999847e+01
3.023290000000000077e+02
2.528340000000000032e+02
9.065300000000000580e+01
1.157349999999999994e+02
3.952459999999999809e+02
5.101800000000000068e+01
1.030370000000000061e+02
2.460459999999999923e+02
2.944800000000000040e+01
2.490300000000000011e+02
8.548600000000000421e+01
2.306709999999999923e+02
3.143029999999999973e+02
9.429399999999999693e+01
5.386150000000000091e+02
1.237469999999999999e+02
1.094899999999999949e+02
1.164300000000000068e+02
5.580130000000000337e+02
7.846299999999999386e+01
8.966299999999999670e+01
3.815869999999999891e+02
2.429379999999999882e+02
5.272299999999999898e+01
3.419680000000000177e+02
1.605569999999999879e+02
3.148849999999999909e+02
9.930999999999999162e+00
2.178399999999999892e+01
1.080619999999999976e+02
1.423240000000000123e+02
5.055729999999999791e+02
2.881120000000000232e+02
4.797599999999999909e+01
1.052009999999999934e+02
8.818800000000000239e+01
1.248719999999999999e+02
2.437909999999999968e+02
1.700720000000000027e+02
2.971329999999999814e+02
3.884000000000000341e+01
1.480159999999999911e+02
2.545370000000000061e+02
1.132180000000000035e+02
1.568120000000000118e+02
1.090040000000000049e+02
9.852200000000000557e+01
7.403229999999999791e+02
9.174099999999999682e+02
3.294289999999999736e+02
9.801099999999999568e+01
3.602420000000000186e+02
4.526170000000000186e+02
7.384690000000000509e+02
1.217330000000000041e+02
6.285499999999999687e+01
3.902199999999999847e+01
6.295589999999999691e+02
7.590699999999999648e+01
4.722420000000000186e+02
4.451089999999999804e+02
3.693770000000000095e+02
2.257969999999999970e+02
2.223110000000000070e+02
8.777580000000000382e+02
4.894080000000000155e+02
4.275900000000000034e+01
3.523009999999999877e+02
6.144619999999999891e+02
4.564560000000000173e+02
2.042330000000000041e+02
1.062810000000000059e+02
7.816800000000000637e+01
2.710120000000000005e+02
2.235310000000000059e+02
5.145049999999999955e+02
1.039669999999999987e+02
4.072259999999999991e+02
2.287620000000000005e+02
3.560670000000000073e+02
2.635280000000000200e+02
3.015020000000000095e+02
4.895849999999999795e+02
4.784230000000000018e+02
1.123160000000000025e+02
3.700219999999999914e+02
6.451099999999999568e+01
5.902619999999999436e+02
1.930610000000000070e+02
3.886909999999999741e+02
1.311699999999999875e+02
3.425659999999999741e+02
4.109399999999999977e+02
2.767740000000000009e+02
1.094260000000000019e+02
7.941400000000000148e+01
1.242139999999999986e+02
5.078199999999999648e+01
3.220199999999999818e+01
9.401099999999999568e+01
5.888400000000000318e+02
9.794799999999999329e+01
1.028760000000000048e+02
1.286419999999999959e+02
4.215620000000000118e+02
5.837140000000000555e+02
2.342210000000000036e+02
4.578310000000000173e+02
4.646240000000000236e+02
7.046999999999999886e+01
1.616949999999999932e+02
1.597740000000000009e+02
2.010900000000000034e+02
3.427130000000000223e+02
1.588590000000000089e+02
2.923269999999999982e+02
1.248282999999999902e+03
1.659749999999999943e+02
3.039420000000000073e+02
3.105570000000000164e+02
1.845800000000000125e+02
9.085299999999999443e+01
5.765539999999999736e+02
2.528290000000000077e+02
3.183509999999999991e+02
3.601899999999999977e+02
5.377279999999999518e+02
1.667669999999999959e+02
5.188160000000000309e+02
2.870579999999999927e+02
5.745170000000000528e+02
2.145289999999999964e+02
2.129759999999999991e+02
3.999700000000000273e+02
5.973509999999999991e+02
3.236200000000000045e+02
1.120259999999999962e+02
1.682340000000000089e+02
5.080260000000000105e+02
2.881990000000000123e+02
6.696259999999999764e+02
2.894510000000000218e+02
1.236821999999999889e+03
4.613179999999999836e+02
5.357019999999999982e+02
4.922830000000000155e+02
6.844850000000000136e+02
2.725199999999999889e+01
3.087699999999999889e+01
9.421099999999999852e+01
3.957549999999999955e+02
6.298819999999999482e+02
5.919850000000000136e+02
5.506090000000000373e+02
2.186769999999999925e+02
2.883410000000000082e+02
1.123640000000000043e+02
1.253200000000000003e+01
4.562010000000000218e+02
1.306049999999999898e+02
3.965950000000000273e+02
2.337379999999999995e+02
2.321500000000000057e+02
1.141200000000000045e+02
7.945600000000000307e+01
1.432129999999999939e+02
4.682219999999999800e+02
1.345560000000000116e+02
5.177600000000000335e+01
7.034000000000000341e+01
4.423100000000000023e+02
5.012900000000000205e+02
1.284639999999999986e+02
2.770100000000000051e+01
3.806400000000000006e+01
2.252810000000000059e+02
6.587140000000000555e+02
8.773799999999999955e+01
1.356025000000000091e+03
2.058160000000000025e+02
1.467549999999999955e+02
2.384499999999999886e+01
1.309900000000000020e+01
3.668279999999999745e+02
1.075709999999999980e+02
2.766770000000000209e+02
1.198070000000000022e+02
3.931080000000000041e+02
2.221349999999999909e+02
7.232099999999999795e+01
3.144300000000000139e+01
2.134799999999999898e+02
9.157399999999999807e+01
6.644799999999999329e+01
1.806649999999999920e+02
2.159509999999999934e+02
4.171000000000000085e+01
1.591999999999999993e+01
3.846779999999999973e+02
6.804410000000000309e+02
1.226749999999999972e+02
1.989347999999999956e+03
1.144219999999999970e+02
2.922869999999999777e+02
7.093999999999999773e+01
3.248799999999999955e+01
3.143700000000000045e+02
1.501709999999999923e+02
1.887479999999999905e+02
3.167749999999999773e+02
2.146210000000000093e+02
7.112649999999999864e+02
9.260399999999999920e+01
1.031219999999999999e+02
4.785699999999999932e+01
9.404999999999999716e+01
4.262700000000000244e+01
6.473099999999999454e+01
9.013500000000000512e+01
1.684400000000000119e+01
2.692239999999999895e+02
4.773599999999999710e+01
4.401299999999999955e+02
1.819339999999999975e+02
1.259419000000000096e+03
2.559039999999999964e+02
6.483499999999999375e+01
4.669519999999999982e+02
4.657000000000000028e+01
4.292479999999999905e+02
2.659719999999999800e+02
5.765940000000000509e+02
3.843559999999999945e+02
3.762100000000000222e+01
2.545809999999999889e+02
7.216200000000000045e+02
6.567010000000000218e+02
8.937999999999999545e+01
1.242600000000000016e+01
7.639560000000000173e+02
3.125079999999999814e+02
1.171989999999999981e+02
1.453369999999999891e+02
6.334149999999999636e+02
4.306170000000000186e+02
3.006970000000000027e+02
1.795670000000000073e+02
6.746920000000000073e+02
3.629870000000000232e+02
5.490869999999999891e+02
1.075889999999999986e+02
4.198799999999999955e+01
1.245859999999999985e+02
1.453069999999999879e+02
2.383739999999999952e+02
1.383451999999999998e+03
4.858500000000000085e+01
4.595029999999999859e+02
2.617939999999999827e+02
5.437169999999999845e+02
2.157189999999999941e+02
8.331699999999999307e+01
2.340759999999999934e+02
2.536430000000000007e+02
1.744379999999999882e+02
1.747580000000000098e+02
3.635880000000000223e+02
5.541009999999999991e+02
5.624569999999999936e+02
8.858790000000000191e+02
2.013009999999999877e+02
2.531570000000000107e+02
1.044429999999999978e+02
4.582799999999999727e+02
1.344410000000000025e+02
9.433799999999999386e+01
1.782500000000000000e+02
1.097499999999999964e+01
6.394420000000000073e+02
4.801599999999999824e+01
7.294379999999999882e+02
4.269909999999999854e+02
3.404870000000000232e+02
2.420569999999999879e+02
1.867899999999999920e+02
3.639700000000000273e+02
4.400099999999999909e+02
4.969119999999999777e+02
5.198600000000000136e+02
3.870690000000000168e+02
2.957600000000000051e+01
5.749980000000000473e+02
4.485799999999999699e+01
2.891799999999999926e+01
1.821099999999999852e+01
2.777640000000000100e+02
2.891589999999999918e+02
1.322700000000000031e+01
3.638499999999999801e+01
3.927459999999999809e+02
1.852059999999999889e+02
7.887000000000000455e+01
2.364250000000000114e+02
1.322450000000000045e+02
5.564819999999999709e+02
7.000100000000000477e+01
2.177150000000000034e+02
1.902259999999999991e+02
5.792309999999999945e+02
9.179500000000000171e+01
1.668599999999999994e+01
4.340710000000000264e+02
7.071630000000000109e+02
7.226900000000000546e+01
1.513480000000000132e+02
3.473840000000000146e+02
2.293470000000000084e+02
4.922490000000000236e+02
3.163969999999999914e+02
1.303799999999999955e+02
3.747980000000000018e+02
1.621399999999999864e+01
2.879300000000000068e+02
1.483050000000000068e+02
4.940149999999999864e+02
5.695769999999999982e+02
3.390969999999999800e+02
1.068970000000000027e+03
1.376169999999999902e+02
7.254990000000000236e+02
3.725419999999999732e+02
2.946610000000000014e+02
6.534529999999999745e+02
3.118849999999999909e+02
3.086940000000000168e+02
1.644540000000000077e+02
8.769499999999999318e+01
1.451179999999999950e+02
8.776209999999999809e+02
3.426179999999999950e+02
1.073170000000000073e+03
4.752450000000000045e+02
2.598489999999999895e+02
2.834750000000000227e+02
2.699350000000000023e+02
1.972599999999999909e+02
5.377169999999999845e+02
3.028800000000000026e+01
3.367830000000000155e+02
1.454065000000000055e+03
3.343460000000000036e+02
8.172700000000000387e+01
1.372889999999999873e+02
2.531550000000000011e+02
1.302330000000000041e+02
6.894629999999999654e+02
1.520399999999999920e+02
3.081770000000000209e+02
2.030339999999999918e+02
1.199718000000000075e+03
2.175409999999999968e+02
1.046449999999999960e+02
1.450829999999999984e+02
1.558449999999999989e+02
4.523960000000000150e+02
1.183539999999999992e+02
7.241899999999999693e+01
1.381670000000000016e+02
5.744450000000000500e+02
2.101769999999999925e+02
5.684009999999999536e+02
3.647989999999999782e+02
4.194449999999999932e+02
8.225000000000000000e+01
5.407500000000000284e+01
3.967199999999999704e+01
4.059529999999999745e+02
2.556990000000000123e+02
2.733489999999999895e+02
2.320740000000000123e+02
7.555449999999999591e+02
1.396750000000000114e+02
7.174900000000000091e+02
1.882050000000000125e+02
4.799639999999999986e+02
2.877420000000000186e+02
4.872899999999999920e+01
3.612899999999999778e+01
2.425089999999999861e+02
1.397500000000000000e+02
6.580200000000000671e+01
1.154159999999999968e+02
1.624939999999999998e+02
3.192250000000000227e+02
2.712740000000000009e+02
4.734039999999999964e+02
1.333729999999999905e+02
2.792230000000000132e+02
4.602189999999999941e+02
1.908160000000000025e+02
3.009329999999999927e+02
5.365249999999999773e+02
2.764590000000000032e+02
3.027529999999999859e+02
6.003949999999999818e+02
5.337150000000000318e+02
3.334839999999999804e+02
2.967130000000000223e+02
3.099549999999999841e+02
4.294490000000000123e+02
7.176600000000000534e+01
2.105829999999999984e+02
1.537100000000000044e+01
9.714600000000000080e+01
3.422599999999999909e+01
2.564750000000000227e+02
9.899599999999999511e+01
1.799590000000000032e+02
2.419999999999999929e+01
5.314999999999999858e+01
1.185600000000000023e+02
9.539000000000000057e+01
3.210969999999999800e+02
1.427669999999999959e+02
6.015650000000000546e+02
1.261770000000000067e+02
2.306750000000000114e+02
8.602400000000000091e+01
5.207110000000000127e+02
4.394730000000000132e+02
9.499899999999999523e+01
2.038660000000000139e+02
4.946259999999999764e+02
4.231689999999999827e+02
1.546330000000000098e+02
1.519139999999999873e+02
5.365400000000000347e+01
9.276219999999999573e+02
2.114929999999999950e+02
2.334110000000000014e+02
2.256899999999999906e+01
6.397599999999999909e+01
1.998729999999999905e+02
4.220149999999999864e+02
3.981400000000000006e+01
4.232239999999999895e+02
1.838200000000000145e+01
2.195320000000000107e+02
1.385910000000000082e+02
1.992920000000000016e+02
4.398899999999999864e+02
1.739149999999999920e+02
2.527940000000000111e+02
5.418379999999999654e+02
1.356949999999999932e+02
1.602069999999999936e+02
9.035000000000000142e+00
1.500850000000000080e+02
3.242730000000000246e+02
4.854899999999999949e+01
1.503619999999999948e+02
3.198460000000000036e+02
6.552830000000000155e+02
1.190190000000000055e+02
1.424914999999999964e+03
1.526620000000000061e+02
4.512280000000000086e+02
2.773759999999999764e+02
1.089339999999999975e+02
1.141550000000000011e+02
3.292459999999999809e+02
4.601800000000000068e+02
2.132719999999999914e+02
1.275040000000000049e+02
4.115880000000000223e+02
2.466579999999999870e+02
1.109590000000000032e+02
2.529599999999999937e+01
6.384930000000000518e+02
6.790529999999999973e+02
5.197359999999999900e+02
5.380000000000000000e+02
1.522599999999999909e+02
6.734769999999999754e+02
