3.826960000000000264e+02
2.383350000000000080e+02
2.839199999999999946e+01
1.100169999999999959e+02
2.600799999999999912e+01
2.512340000000000089e+02
5.094700000000000273e+01
5.140200000000000102e+01
2.884199999999999875e+01
3.048369999999999891e+02
3.502199999999999847e+01
3.088500000000000156e+01
5.177060000000000173e+02
1.555499999999999972e+01
5.076700000000000301e+01
8.397700000000000387e+01
5.371399999999999864e+01
1.307009999999999934e+02
4.138059999999999832e+02
4.578179999999999836e+02
2.903600000000000136e+01
1.230909999999999940e+02
2.398499999999999943e+01
1.044569999999999936e+02
4.541440000000000055e+02
6.583400000000000318e+01
7.384300000000000352e+01
5.035300000000000153e+01
6.574200000000000443e+01
2.245599999999999952e+01
8.335200000000000387e+01
1.349569999999999936e+02
7.345600000000000307e+01
3.387599999999999767e+01
2.056510000000000105e+02
2.299269999999999925e+02
2.198789999999999907e+02
1.642230000000000132e+02
1.166059999999999945e+02
5.527799999999999869e+01
2.241109999999999900e+02
3.519529999999999745e+02
2.163689999999999998e+02
3.726500000000000057e+01
2.553420000000000130e+02
1.858249999999999886e+02
2.963700000000000045e+01
3.242699999999999960e+01
1.210679999999999978e+02
8.143699999999999761e+01
3.497769999999999868e+02
2.506570000000000107e+02
3.410760000000000218e+02
4.690459999999999923e+02
1.050250000000000057e+02
2.570439999999999827e+02
2.428470000000000084e+02
4.063499999999999801e+01
1.616670000000000016e+02
3.346399999999999864e+01
7.529000000000000625e+01
1.830509999999999877e+02
6.009260000000000446e+02
5.223700000000000188e+01
3.166240000000000236e+02
2.332860000000000014e+02
1.131430000000000007e+02
9.070799999999999841e+01
2.203290000000000077e+02
3.804159999999999968e+02
1.755980000000000132e+02
5.713379999999999654e+02
2.635900000000000176e+01
8.524399999999999977e+01
6.312580000000000382e+02
6.342900000000000205e+01
1.139000000000000057e+01
1.542299999999999898e+02
6.740430000000000064e+02
1.649360000000000070e+02
2.488700000000000045e+02
1.155685999999999922e+03
4.944769999999999754e+02
4.842679999999999723e+02
7.742140000000000555e+02
4.352119999999999891e+02
6.388450000000000273e+02
1.144800000000000040e+01
1.029189999999999969e+02
5.305899999999999750e+01
3.657579999999999814e+02
1.642920000000000016e+02
7.968600000000000705e+01
4.812100000000000222e+01
2.598340000000000032e+02
4.574099999999999966e+01
5.520799999999999841e+01
1.397000000000000064e+01
1.282699999999999996e+01
2.725740000000000123e+02
7.229000000000000625e+01
4.413100000000000023e+01
1.501450000000000102e+02
2.343189999999999884e+02
1.190570000000000022e+02
1.743559999999999945e+02
4.961200000000000188e+01
2.091300000000000026e+01
2.442889999999999873e+02
3.956970000000000027e+02
2.767769999999999868e+02
6.216209999999999809e+02
8.635839999999999463e+02
9.671200000000000330e+01
1.249770000000000039e+02
3.096799999999999997e+01
3.903269999999999982e+02
3.369540000000000077e+02
1.254249999999999972e+02
2.439410000000000025e+02
1.514499999999999886e+02
2.017700000000000102e+02
7.778499999999999659e+01
6.246570000000000391e+02
2.367379999999999995e+02
3.714200000000000301e+01
5.737219999999999800e+02
4.594100000000000250e+01
7.216299999999999670e+01
1.986570000000000107e+02
1.798480000000000132e+02
1.900799999999999912e+01
3.091549999999999727e+02
2.381709999999999923e+02
3.739449999999999932e+02
2.385639999999999930e+02
1.608259999999999934e+02
1.624240000000000066e+02
3.107799999999999727e+02
2.810629999999999882e+02
8.247899999999999920e+01
2.575160000000000196e+02
8.059799999999999898e+01
5.706099999999999994e+01
1.552210000000000036e+02
1.973439999999999941e+02
7.572199999999999420e+01
8.268600000000000705e+01
6.231689999999999827e+02
8.858089999999999691e+02
2.290289999999999964e+02
3.083099999999999952e+01
1.721939999999999884e+02
1.426610000000000014e+02
3.645199999999999818e+02
2.148890000000000100e+02
2.050199999999999889e+01
7.378700000000000614e+01
2.721059999999999945e+02
1.539859999999999900e+02
4.675300000000000011e+01
2.679309999999999832e+02
2.137040000000000077e+02
1.336889999999999930e+02
7.369299999999999784e+01
2.578279999999999745e+02
6.136639999999999873e+02
1.965010000000000048e+02
1.004030000000000058e+02
6.125099999999999767e+01
1.033500000000000085e+01
3.863940000000000055e+02
2.880000000000000071e+01
7.615879999999999654e+02
3.427559999999999718e+02
5.514199999999999591e+02
1.465600000000000058e+01
2.770659999999999741e+02
4.717099999999999795e+02
1.399979999999999905e+02
3.852719999999999914e+02
2.863870000000000005e+02
5.919779999999999518e+02
2.339250000000000114e+02
5.522930000000000064e+02
5.008519999999999754e+02
3.226720000000000255e+02
4.318319999999999936e+02
1.009030000000000058e+02
3.985600000000000165e+01
1.195870000000000033e+02
1.126269999999999953e+02
2.380200000000000102e+02
1.486430000000000007e+02
1.660949999999999989e+02
2.923890000000000100e+02
7.660299999999999443e+01
1.998520000000000039e+02
1.198400000000000034e+02
4.750670000000000073e+02
2.117249999999999943e+02
1.172750000000000057e+02
2.608500000000000227e+02
5.356499999999999773e+01
3.488000000000000114e+02
2.444490000000000123e+02
4.450160000000000196e+02
3.365339999999999918e+02
8.255460000000000491e+02
8.118500000000000227e+01
2.077239999999999895e+02
5.296599999999999682e+02
3.667130000000000223e+02
7.062699999999999534e+01
2.654209999999999923e+02
8.531799999999999784e+01
3.538770000000000095e+02
1.155879999999999939e+02
2.285200000000000102e+02
1.415409999999999968e+02
2.179759999999999991e+02
8.016299999999999670e+01
2.275799999999999912e+01
2.406589999999999918e+02
1.613100000000000023e+01
4.928399999999999892e+01
4.557330000000000041e+02
1.851200000000000045e+01
8.942300000000000182e+01
3.569839999999999804e+02
5.134850000000000136e+02
2.359799999999999898e+01
2.403200000000000003e+01
1.001490000000000009e+02
1.905929999999999893e+02
2.304480000000000075e+02
4.731370000000000005e+02
3.427600000000000335e+01
2.533800000000000097e+01
2.403950000000000102e+02
1.313100000000000023e+02
2.563290000000000077e+02
9.995699999999999363e+01
1.789070000000000107e+02
3.162010000000000218e+02
5.750699999999999790e+01
1.282699999999999996e+01
1.249030000000000058e+02
4.648530000000000086e+02
5.032999999999999829e+01
1.451239999999999952e+02
1.704399999999999977e+02
4.307649999999999864e+02
5.607399999999999807e+01
8.781999999999999318e+01
8.300700000000000500e+01
1.432539999999999907e+02
8.680999999999999162e+00
1.490700000000000003e+01
7.834260000000000446e+02
2.566630000000000109e+02
1.130999999999999943e+02
3.008709999999999809e+02
1.224509999999999934e+02
9.301600000000000534e+01
1.130379999999999967e+02
1.631860000000000070e+02
3.938860000000000241e+02
2.027589999999999861e+02
8.243099999999999739e+01
9.040200000000000102e+01
1.164539999999999935e+02
1.976899999999999977e+02
3.869289999999999736e+02
8.470000000000000639e+00
6.786539999999999964e+02
3.159970000000000141e+02
2.691320000000000050e+02
5.385600000000000165e+01
9.200400000000000489e+01
6.889300000000000068e+01
5.452730000000000246e+02
5.770199999999999818e+01
2.600520000000000209e+02
8.395249999999999773e+02
1.722750000000000057e+02
3.260900000000000176e+01
7.789799999999999613e+01
2.820799999999999841e+01
3.835339999999999918e+02
6.866299999999999670e+01
7.729270000000000209e+02
2.043400000000000105e+01
1.928720000000000141e+02
7.320699999999999363e+01
2.883899999999999864e+01
4.609400000000000119e+01
9.541760000000000446e+02
1.645899999999999963e+01
9.418899999999999295e+01
2.517000000000000171e+01
5.805499999999999972e+01
2.241300000000000026e+01
2.258100000000000023e+02
2.514999999999999858e+01
2.201399999999999935e+01
1.371090000000000089e+02
7.915200000000000102e+01
1.415219999999999914e+02
3.185360000000000014e+02
7.137800000000000011e+01
1.033220000000000027e+02
2.736820000000000164e+02
2.605419999999999732e+02
3.948559999999999945e+02
2.397599999999999909e+02
1.380409999999999968e+02
1.546699999999999875e+02
6.544289999999999736e+02
1.465970000000000084e+02
3.488659999999999854e+02
9.485800000000000409e+01
9.831199999999999761e+01
2.715500000000000114e+01
6.189959999999999809e+02
3.259639999999999986e+02
6.576600000000000534e+01
2.495899999999999963e+01
3.800459999999999923e+02
1.809410000000000025e+02
2.594099999999999895e+01
1.547100000000000009e+01
2.256160000000000139e+02
8.853799999999999670e+01
1.706320000000000050e+02
7.534199999999999875e+01
3.099080000000000155e+02
5.905679999999999836e+02
2.142800000000000082e+01
6.313260000000000218e+02
2.183959999999999866e+02
3.882900000000000063e+01
2.849139999999999873e+02
1.691799999999999926e+01
1.815279999999999916e+02
1.299170000000000016e+02
1.216490000000000009e+02
2.125219999999999914e+02
2.950720000000000027e+02
1.291730000000000018e+02
9.178000000000000114e+01
6.422100000000000364e+01
4.508400000000000318e+01
3.499300000000000210e+01
1.632470000000000141e+02
3.613229999999999791e+02
7.965500000000000114e+01
3.952459999999999809e+02
8.548600000000000421e+01
5.386150000000000091e+02
1.237469999999999999e+02
7.846299999999999386e+01
8.966299999999999670e+01
3.815869999999999891e+02
5.272299999999999898e+01
9.930999999999999162e+00
2.881120000000000232e+02
4.797599999999999909e+01
8.818800000000000239e+01
1.700720000000000027e+02
2.971329999999999814e+02
1.480159999999999911e+02
2.545370000000000061e+02
1.132180000000000035e+02
1.090040000000000049e+02
9.174099999999999682e+02
3.294289999999999736e+02
6.285499999999999687e+01
4.722420000000000186e+02
3.693770000000000095e+02
2.257969999999999970e+02
4.275900000000000034e+01
3.523009999999999877e+02
6.144619999999999891e+02
2.042330000000000041e+02
1.062810000000000059e+02
7.816800000000000637e+01
1.039669999999999987e+02
4.072259999999999991e+02
3.700219999999999914e+02
6.451099999999999568e+01
1.930610000000000070e+02
3.425659999999999741e+02
4.109399999999999977e+02
1.094260000000000019e+02
5.888400000000000318e+02
9.794799999999999329e+01
1.028760000000000048e+02
1.286419999999999959e+02
4.215620000000000118e+02
4.578310000000000173e+02
7.046999999999999886e+01
1.845800000000000125e+02
9.085299999999999443e+01
5.765539999999999736e+02
5.377279999999999518e+02
2.145289999999999964e+02
3.999700000000000273e+02
5.973509999999999991e+02
1.120259999999999962e+02
1.682340000000000089e+02
2.881990000000000123e+02
2.894510000000000218e+02
4.922830000000000155e+02
6.844850000000000136e+02
3.087699999999999889e+01
5.506090000000000373e+02
2.321500000000000057e+02
7.945600000000000307e+01
4.682219999999999800e+02
4.423100000000000023e+02
1.284639999999999986e+02
2.770100000000000051e+01
3.806400000000000006e+01
2.058160000000000025e+02
2.384499999999999886e+01
1.075709999999999980e+02
3.931080000000000041e+02
2.221349999999999909e+02
2.159509999999999934e+02
1.591999999999999993e+01
3.846779999999999973e+02
1.989347999999999956e+03
1.144219999999999970e+02
2.922869999999999777e+02
7.093999999999999773e+01
3.248799999999999955e+01
1.501709999999999923e+02
1.887479999999999905e+02
1.031219999999999999e+02
4.262700000000000244e+01
6.473099999999999454e+01
9.013500000000000512e+01
1.684400000000000119e+01
4.401299999999999955e+02
1.819339999999999975e+02
6.483499999999999375e+01
4.657000000000000028e+01
5.765940000000000509e+02
1.242600000000000016e+01
1.171989999999999981e+02
3.006970000000000027e+02
1.795670000000000073e+02
1.245859999999999985e+02
1.453069999999999879e+02
2.617939999999999827e+02
2.157189999999999941e+02
2.536430000000000007e+02
1.744379999999999882e+02
1.747580000000000098e+02
3.635880000000000223e+02
2.013009999999999877e+02
2.531570000000000107e+02
1.044429999999999978e+02
1.344410000000000025e+02
9.433799999999999386e+01
1.782500000000000000e+02
1.097499999999999964e+01
4.801599999999999824e+01
1.821099999999999852e+01
2.777640000000000100e+02
2.891589999999999918e+02
3.638499999999999801e+01
1.852059999999999889e+02
7.887000000000000455e+01
7.000100000000000477e+01
2.177150000000000034e+02
9.179500000000000171e+01
1.668599999999999994e+01
7.226900000000000546e+01
3.163969999999999914e+02
3.747980000000000018e+02
1.483050000000000068e+02
4.940149999999999864e+02
5.695769999999999982e+02
3.390969999999999800e+02
3.118849999999999909e+02
4.752450000000000045e+02
2.598489999999999895e+02
2.834750000000000227e+02
2.699350000000000023e+02
1.972599999999999909e+02
5.377169999999999845e+02
8.172700000000000387e+01
1.372889999999999873e+02
1.302330000000000041e+02
3.081770000000000209e+02
2.030339999999999918e+02
2.175409999999999968e+02
4.523960000000000150e+02
2.101769999999999925e+02
5.684009999999999536e+02
4.194449999999999932e+02
8.225000000000000000e+01
5.407500000000000284e+01
4.059529999999999745e+02
2.556990000000000123e+02
2.733489999999999895e+02
2.320740000000000123e+02
1.396750000000000114e+02
7.174900000000000091e+02
1.882050000000000125e+02
4.799639999999999986e+02
3.612899999999999778e+01
1.397500000000000000e+02
6.580200000000000671e+01
1.154159999999999968e+02
1.624939999999999998e+02
3.192250000000000227e+02
2.712740000000000009e+02
4.734039999999999964e+02
1.333729999999999905e+02
4.602189999999999941e+02
1.908160000000000025e+02
6.003949999999999818e+02
5.337150000000000318e+02
2.967130000000000223e+02
3.099549999999999841e+02
2.105829999999999984e+02
1.537100000000000044e+01
9.714600000000000080e+01
3.422599999999999909e+01
2.564750000000000227e+02
1.799590000000000032e+02
2.419999999999999929e+01
9.539000000000000057e+01
3.210969999999999800e+02
2.306750000000000114e+02
5.207110000000000127e+02
2.038660000000000139e+02
1.519139999999999873e+02
2.114929999999999950e+02
3.981400000000000006e+01
1.838200000000000145e+01
2.527940000000000111e+02
1.356949999999999932e+02
1.602069999999999936e+02
1.503619999999999948e+02
1.190190000000000055e+02
1.526620000000000061e+02
4.512280000000000086e+02
1.141550000000000011e+02
3.292459999999999809e+02
4.601800000000000068e+02
1.275040000000000049e+02
1.109590000000000032e+02
6.790529999999999973e+02
6.734769999999999754e+02
